       1   1.4990e+05      0.0000e+00
       2   1.5000e+05      1.5859e-06
       3   1.5010e+05      1.5865e-06
       4   1.5020e+05      1.5906e-06
       5   1.5030e+05      1.5959e-06
       6   1.5040e+05      1.5995e-06
       7   1.5050e+05      1.6025e-06
       8   1.5060e+05      1.6047e-06
       9   1.5070e+05      1.6077e-06
      10   1.5080e+05      1.6073e-06
      11   1.5090e+05      1.6027e-06
      12   1.5100e+05      1.5970e-06
      13   1.5110e+05      1.5766e-06
      14   1.5120e+05      1.5927e-06
      15   1.5130e+05      1.5728e-06
      16   1.5140e+05      1.5901e-06
      17   1.5150e+05      1.5921e-06
      18   1.5160e+05      1.5899e-06
      19   1.5170e+05      1.5869e-06
      20   1.5180e+05      1.5783e-06
      21   1.5190e+05      1.5606e-06
      22   1.5200e+05      1.5810e-06
      23   1.5210e+05      1.5792e-06
      24   1.5220e+05      1.5774e-06
      25   1.5230e+05      1.5778e-06
      26   1.5240e+05      1.5762e-06
      27   1.5250e+05      1.5744e-06
      28   1.5260e+05      1.5749e-06
      29   1.5270e+05      1.5757e-06
      30   1.5280e+05      1.5760e-06
      31   1.5290e+05      1.5768e-06
      32   1.5300e+05      1.5776e-06
      33   1.5310e+05      1.5577e-06
      34   1.5320e+05      1.5639e-06
      35   1.5330e+05      1.5621e-06
      36   1.5340e+05      1.5435e-06
      37   1.5350e+05      1.5833e-06
      38   1.5360e+05      1.5843e-06
      39   1.5370e+05      1.5880e-06
      40   1.5380e+05      1.5602e-06
      41   1.5390e+05      1.5689e-06
      42   1.5400e+05      1.5678e-06
      43   1.5410e+05      1.5628e-06
      44   1.5420e+05      1.5667e-06
      45   1.5430e+05      1.5754e-06
      46   1.5440e+05      1.5865e-06
      47   1.5450e+05      1.5945e-06
      48   1.5460e+05      1.6018e-06
      49   1.5470e+05      1.6026e-06
      50   1.5480e+05      1.5921e-06
      51   1.5490e+05      1.6450e-06
      52   1.5500e+05      1.6518e-06
      53   1.5510e+05      1.6589e-06
      54   1.5520e+05      1.6310e-06
      55   1.5530e+05      1.6500e-06
      56   1.5540e+05      1.6682e-06
      57   1.5550e+05      1.6867e-06
      58   1.5560e+05      1.6997e-06
      59   1.5570e+05      1.7095e-06
      60   1.5580e+05      1.7123e-06
      61   1.5590e+05      1.7656e-06
      62   1.5600e+05      1.7789e-06
      63   1.5610e+05      1.7917e-06
      64   1.5620e+05      1.8067e-06
      65   1.5630e+05      1.8193e-06
      66   1.5640e+05      1.8336e-06
      67   1.5650e+05      1.8177e-06
      68   1.5660e+05      1.8374e-06
      69   1.5670e+05      1.8513e-06
      70   1.5680e+05      1.8632e-06
      71   1.5690e+05      1.8754e-06
      72   1.5700e+05      1.8908e-06
      73   1.5710e+05      1.9079e-06
      74   1.5720e+05      1.9221e-06
      75   1.5730e+05      1.9328e-06
      76   1.5740e+05      1.9421e-06
      77   1.5750e+05      1.9502e-06
      78   1.5760e+05      1.9549e-06
      79   1.5770e+05      1.9483e-06
      80   1.5780e+05      2.0026e-06
      81   1.5790e+05      2.0127e-06
      82   1.5800e+05      2.0221e-06
      83   1.5810e+05      2.0345e-06
      84   1.5820e+05      1.9833e-06
      85   1.5830e+05      2.0097e-06
      86   1.5840e+05      2.0132e-06
      87   1.5850e+05      2.0720e-06
      88   1.5860e+05      2.0817e-06
      89   1.5870e+05      2.0909e-06
      90   1.5880e+05      2.1006e-06
      91   1.5890e+05      2.1099e-06
      92   1.5900e+05      2.1196e-06
      93   1.5910e+05      2.1289e-06
      94   1.5920e+05      2.0918e-06
      95   1.5930e+05      2.1120e-06
      96   1.5940e+05      2.1178e-06
      97   1.5950e+05      2.1082e-06
      98   1.5960e+05      2.1751e-06
      99   1.5970e+05      2.1857e-06
     100   1.5980e+05      2.1957e-06
     101   1.5990e+05      2.2058e-06
     102   1.6000e+05      2.2159e-06
     103   1.6010e+05      2.2298e-06
     104   1.6020e+05      2.2407e-06
     105   1.6030e+05      2.2523e-06
     106   1.6040e+05      2.2634e-06
     107   1.6050e+05      2.2753e-06
     108   1.6060e+05      2.2870e-06
     109   1.6070e+05      2.2990e-06
     110   1.6080e+05      2.3114e-06
     111   1.6090e+05      2.2908e-06
     112   1.6100e+05      2.3190e-06
     113   1.6110e+05      2.3315e-06
     114   1.6120e+05      2.3649e-06
     115   1.6130e+05      2.3691e-06
     116   1.6140e+05      2.3723e-06
     117   1.6150e+05      2.4004e-06
     118   1.6160e+05      2.4007e-06
     119   1.6170e+05      2.3996e-06
     120   1.6180e+05      2.4238e-06
     121   1.6190e+05      2.4218e-06
     122   1.6200e+05      2.4253e-06
     123   1.6210e+05      2.4346e-06
     124   1.6220e+05      2.4717e-06
     125   1.6230e+05      2.4816e-06
     126   1.6240e+05      2.4899e-06
     127   1.6250e+05      2.4958e-06
     128   1.6260e+05      2.4996e-06
     129   1.6270e+05      2.5265e-06
     130   1.6280e+05      2.5250e-06
     131   1.6290e+05      2.5199e-06
     132   1.6300e+05      2.5098e-06
     133   1.6310e+05      2.4786e-06
     134   1.6320e+05      2.5152e-06
     135   1.6330e+05      2.5165e-06
     136   1.6340e+05      2.5177e-06
     137   1.6350e+05      2.5035e-06
     138   1.6360e+05      2.5224e-06
     139   1.6370e+05      2.5275e-06
     140   1.6380e+05      2.5178e-06
     141   1.6390e+05      2.5270e-06
     142   1.6400e+05      2.5298e-06
     143   1.6410e+05      2.5324e-06
     144   1.6420e+05      2.5349e-06
     145   1.6430e+05      2.5639e-06
     146   1.6440e+05      2.5680e-06
     147   1.6450e+05      2.5695e-06
     148   1.6460e+05      2.5737e-06
     149   1.6470e+05      2.5752e-06
     150   1.6480e+05      2.5794e-06
     151   1.6490e+05      2.5809e-06
     152   1.6500e+05      2.6108e-06
     153   1.6510e+05      2.6123e-06
     154   1.6520e+05      2.6139e-06
     155   1.6530e+05      2.6155e-06
     156   1.6540e+05      2.6454e-06
     157   1.6550e+05      2.6470e-06
     158   1.6560e+05      2.6744e-06
     159   1.6570e+05      2.6760e-06
     160   1.6580e+05      2.6751e-06
     161   1.6590e+05      2.7128e-06
     162   1.6600e+05      2.7274e-06
     163   1.6610e+05      2.7523e-06
     164   1.6620e+05      2.7436e-06
     165   1.6630e+05      2.7375e-06
     166   1.6640e+05      2.7780e-06
     167   1.6650e+05      2.8030e-06
     168   1.6660e+05      2.7891e-06
     169   1.6670e+05      2.8246e-06
     170   1.6680e+05      2.8315e-06
     171   1.6690e+05      2.8773e-06
     172   1.6700e+05      2.9025e-06
     173   1.6710e+05      2.9250e-06
     174   1.6720e+05      2.9502e-06
     175   1.6730e+05      2.9754e-06
     176   1.6740e+05      2.9981e-06
     177   1.6750e+05      3.0233e-06
     178   1.6760e+05      3.0486e-06
     179   1.6770e+05      3.0740e-06
     180   1.6780e+05      3.0993e-06
     181   1.6790e+05      3.1221e-06
     182   1.6800e+05      3.1658e-06
     183   1.6810e+05      3.1939e-06
     184   1.6820e+05      3.1879e-06
     185   1.6830e+05      3.2501e-06
     186   1.6840e+05      3.3045e-06
     187   1.6850e+05      3.3300e-06
     188   1.6860e+05      3.3530e-06
     189   1.6870e+05      3.4076e-06
     190   1.6880e+05      3.4306e-06
     191   1.6890e+05      3.4563e-06
     192   1.6900e+05      3.5268e-06
     193   1.6910e+05      3.5763e-06
     194   1.6920e+05      3.6337e-06
     195   1.6930e+05      3.6596e-06
     196   1.6940e+05      3.6829e-06
     197   1.6950e+05      3.7299e-06
     198   1.6960e+05      3.7506e-06
     199   1.6970e+05      3.8083e-06
     200   1.6980e+05      3.8687e-06
     201   1.6990e+05      3.9028e-06
     202   1.7000e+05      3.9633e-06
     203   1.7010e+05      3.9948e-06
     204   1.7020e+05      4.0501e-06
     205   1.7030e+05      4.1029e-06
     206   1.7040e+05      4.1239e-06
     207   1.7050e+05      4.1715e-06
     208   1.7060e+05      4.2138e-06
     209   1.7070e+05      4.2588e-06
     210   1.7080e+05      4.2905e-06
     211   1.7090e+05      4.3622e-06
     212   1.7100e+05      4.4340e-06
     213   1.7110e+05      4.4979e-06
     214   1.7120e+05      4.5459e-06
     215   1.7130e+05      4.5619e-06
     216   1.7140e+05      4.5752e-06
     217   1.7150e+05      4.6046e-06
     218   1.7160e+05      4.6607e-06
     219   1.7170e+05      4.7142e-06
     220   1.7180e+05      4.8748e-06
     221   1.7190e+05      4.9473e-06
     222   1.7200e+05      5.0278e-06
     223   1.7210e+05      5.0683e-06
     224   1.7220e+05      5.1007e-06
     225   1.7230e+05      5.1547e-06
     226   1.7240e+05      5.1603e-06
     227   1.7250e+05      5.0693e-06
     228   1.7260e+05      5.1018e-06
     229   1.7270e+05      5.1317e-06
     230   1.7280e+05      5.1912e-06
     231   1.7290e+05      5.2238e-06
     232   1.7300e+05      5.2564e-06
     233   1.7310e+05      5.4077e-06
     234   1.7320e+05      5.5430e-06
     235   1.7330e+05      5.5948e-06
     236   1.7340e+05      5.6115e-06
     237   1.7350e+05      5.5797e-06
     238   1.7360e+05      5.5099e-06
     239   1.7370e+05      5.5428e-06
     240   1.7380e+05      5.5758e-06
     241   1.7390e+05      5.6359e-06
     242   1.7400e+05      5.8179e-06
     243   1.7410e+05      5.9243e-06
     244   1.7420e+05      5.9711e-06
     245   1.7430e+05      5.9094e-06
     246   1.7440e+05      5.8775e-06
     247   1.7450e+05      5.9379e-06
     248   1.7460e+05      6.1208e-06
     249   1.7470e+05      6.3011e-06
     250   1.7480e+05      6.4055e-06
     251   1.7490e+05      6.4909e-06
     252   1.7500e+05      6.5600e-06
     253   1.7510e+05      6.6155e-06
     254   1.7520e+05      6.6903e-06
     255   1.7530e+05      6.7842e-06
     256   1.7540e+05      6.8591e-06
     257   1.7550e+05      6.9313e-06
     258   1.7560e+05      6.8231e-06
     259   1.7570e+05      6.9310e-06
     260   1.7580e+05      7.0636e-06
     261   1.7590e+05      7.1991e-06
     262   1.7600e+05      7.4060e-06
     263   1.7610e+05      7.6900e-06
     264   1.7620e+05      7.8672e-06
     265   1.7630e+05      8.0419e-06
     266   1.7640e+05      8.1701e-06
     267   1.7650e+05      8.3397e-06
     268   1.7660e+05      8.4929e-06
     269   1.7670e+05      8.6408e-06
     270   1.7680e+05      8.8384e-06
     271   1.7690e+05      9.0225e-06
     272   1.7700e+05      9.2316e-06
     273   1.7710e+05      9.3885e-06
     274   1.7720e+05      9.4738e-06
     275   1.7730e+05      9.7111e-06
     276   1.7740e+05      9.9514e-06
     277   1.7750e+05      1.0214e-05
     278   1.7760e+05      1.0480e-05
     279   1.7770e+05      1.0823e-05
     280   1.7780e+05      1.1381e-05
     281   1.7790e+05      1.1866e-05
     282   1.7800e+05      1.2316e-05
     283   1.7810e+05      1.2726e-05
     284   1.7820e+05      1.3141e-05
     285   1.7830e+05      1.3531e-05
     286   1.7840e+05      1.3972e-05
     287   1.7850e+05      1.4455e-05
     288   1.7860e+05      1.4970e-05
     289   1.7870e+05      1.5554e-05
     290   1.7880e+05      1.6184e-05
     291   1.7890e+05      1.6920e-05
     292   1.7900e+05      1.7724e-05
     293   1.7910e+05      1.8548e-05
     294   1.7920e+05      1.9301e-05
     295   1.7930e+05      2.0314e-05
     296   1.7940e+05      2.1516e-05
     297   1.7950e+05      2.2738e-05
     298   1.7960e+05      2.4555e-05
     299   1.7970e+05      2.6390e-05
     300   1.7980e+05      2.8309e-05
     301   1.7990e+05      3.0678e-05
     302   1.8000e+05      3.2994e-05
     303   1.8010e+05      3.5481e-05
     304   1.8020e+05      3.7549e-05
     305   1.8030e+05      3.9535e-05
     306   1.8040e+05      4.2957e-05
     307   1.8050e+05      4.6354e-05
     308   1.8060e+05      5.0205e-05
     309   1.8070e+05      5.4735e-05
     310   1.8080e+05      5.9890e-05
     311   1.8090e+05      6.6487e-05
     312   1.8100e+05      7.3317e-05
     313   1.8110e+05      8.4132e-05
     314   1.8120e+05      9.6961e-05
     315   1.8130e+05      1.1342e-04
     316   1.8140e+05      1.1345e-04
     317   1.8150e+05      1.1705e-04
     318   1.8160e+05      1.1485e-04
     319   1.8170e+05      1.1223e-04
     320   1.8180e+05      1.0875e-04
     321   1.8190e+05      1.0504e-04
     322   1.8200e+05      1.0054e-04
     323   1.8210e+05      9.6536e-05
     324   1.8220e+05      6.9263e-05
     325   1.8230e+05      8.3894e-05
     326   1.8240e+05      9.0019e-05
     327   1.8250e+05      9.2797e-05
     328   1.8260e+05      9.2393e-05
     329   1.8270e+05      6.7405e-05
     330   1.8280e+05      3.3166e-05
     331   1.8290e+05      4.0732e-05
     332   1.8300e+05      3.1977e-05
     333   1.8310e+05      2.5561e-05
     334   1.8320e+05      2.0682e-05
     335   1.8330e+05      1.6888e-05
     336   1.8340e+05      1.4135e-05
     337   1.8350e+05      1.2005e-05
     338   1.8360e+05      1.0342e-05
     339   1.8370e+05      9.0804e-06
     340   1.8380e+05      6.3918e-06
     341   1.8390e+05      7.6497e-06
     342   1.8400e+05      5.6021e-06
     343   1.8410e+05      6.3793e-06
     344   1.8420e+05      7.3265e-06
     345   1.8430e+05      7.9620e-06
     346   1.8440e+05      8.1817e-06
     347   1.8450e+05      7.7723e-06
     348   1.8460e+05      6.6783e-06
     349   1.8470e+05      5.0913e-06
     350   1.8480e+05      3.4478e-06
     351   1.8490e+05      3.6945e-06
     352   1.8500e+05      6.5257e-06
     353   1.8510e+05      9.6915e-06
     354   1.8520e+05      1.2356e-05
     355   1.8530e+05      1.4094e-05
     356   1.8540e+05      1.4142e-05
     357   1.8550e+05      1.1561e-05
     358   1.8560e+05      2.4696e-06
     359   1.8570e+05      1.1964e-06
     360   1.8580e+05      1.2775e-06
     361   1.8590e+05      1.3708e-06
     362   1.8600e+05      1.4660e-06
     363   1.8610e+05      1.5766e-06
     364   1.8620e+05      1.3699e-05
     365   1.8630e+05      2.0797e-05
     366   1.8640e+05      2.3897e-05
     367   1.8650e+05      2.3099e-05
     368   1.8660e+05      1.8447e-05
     369   1.8670e+05      7.6324e-06
     370   1.8680e+05      2.5615e-06
     371   1.8690e+05      2.6909e-06
     372   1.8700e+05      2.7923e-06
     373   1.8710e+05      6.4687e-06
     374   1.8720e+05      2.0536e-05
     375   1.8730e+05      2.9840e-05
     376   1.8740e+05      3.6977e-05
     377   1.8750e+05      4.2370e-05
     378   1.8760e+05      4.6483e-05
     379   1.8770e+05      4.9548e-05
     380   1.8780e+05      5.1504e-05
     381   1.8790e+05      5.2497e-05
     382   1.8800e+05      5.2555e-05
     383   1.8810e+05      5.1938e-05
     384   1.8820e+05      5.0852e-05
     385   1.8830e+05      4.9706e-05
     386   1.8840e+05      4.9586e-05
     387   1.8850e+05      5.0816e-05
     388   1.8860e+05      5.3163e-05
     389   1.8870e+05      5.6629e-05
     390   1.8880e+05      6.1040e-05
     391   1.8890e+05      6.5338e-05
     392   1.8900e+05      7.0318e-05
     393   1.8910e+05      7.5509e-05
     394   1.8920e+05      8.1088e-05
     395   1.8930e+05      8.6231e-05
     396   1.8940e+05      9.1203e-05
     397   1.8950e+05      9.5678e-05
     398   1.8960e+05      9.8769e-05
     399   1.8970e+05      1.0039e-04
     400   1.8980e+05      9.8223e-05
     401   1.8990e+05      9.0941e-05
     402   1.9000e+05      7.6282e-05
     403   1.9010e+05      4.9530e-05
     404   1.9020e+05      2.5483e-05
     405   1.9030e+05      2.7740e-05
     406   1.9040e+05      3.0215e-05
     407   1.9050e+05      5.4648e-05
     408   1.9060e+05      1.0264e-04
     409   1.9070e+05      3.4272e-04
     410   1.9080e+05      8.0407e-04
     411   1.9090e+05      1.4978e-03
     412   1.9100e+05      2.0629e-03
     413   1.9110e+05      2.5077e-03
     414   1.9120e+05      2.6433e-03
     415   1.9130e+05      2.6980e-03
     416   1.9140e+05      2.5906e-03
     417   1.9150e+05      2.4255e-03
     418   1.9160e+05      2.1409e-03
     419   1.9170e+05      1.7587e-03
     420   1.9180e+05      1.2964e-03
     421   1.9190e+05      7.0530e-04
     422   1.9200e+05      3.0828e-04
     423   1.9210e+05      1.7639e-04
     424   1.9220e+05      6.7857e-05
     425   1.9230e+05      1.6438e-04
     426   1.9240e+05      1.8023e-04
     427   1.9250e+05      1.6369e-04
     428   1.9260e+05      3.0085e-04
     429   1.9270e+05      4.2705e-04
     430   1.9280e+05      5.4617e-04
     431   1.9290e+05      6.5490e-04
     432   1.9300e+05      1.5095e-04
     433   1.9310e+05      7.4550e-04
     434   1.9320e+05      8.1569e-04
     435   1.9330e+05      9.2268e-04
     436   1.9340e+05      1.0530e-03
     437   1.9350e+05      1.2265e-03
     438   1.9360e+05      1.4029e-03
     439   1.9370e+05      1.7762e-03
     440   1.9380e+05      2.2090e-03
     441   1.9390e+05      2.9642e-03
     442   1.9400e+05      3.8672e-03
     443   1.9410e+05      4.7912e-03
     444   1.9420e+05      5.6344e-03
     445   1.9430e+05      6.3393e-03
     446   1.9440e+05      6.8512e-03
     447   1.9450e+05      7.3152e-03
     448   1.9460e+05      7.6493e-03
     449   1.9470e+05      7.9776e-03
     450   1.9480e+05      8.2335e-03
     451   1.9490e+05      8.4867e-03
     452   1.9500e+05      8.8554e-03
     453   1.9510e+05      9.3066e-03
     454   1.9520e+05      9.9923e-03
     455   1.9530e+05      1.0916e-02
     456   1.9540e+05      1.2081e-02
     457   1.9550e+05      1.3649e-02
     458   1.9560e+05      1.5414e-02
     459   1.9570e+05      1.7887e-02
     460   1.9580e+05      2.0500e-02
     461   1.9590e+05      2.4044e-02
     462   1.9600e+05      2.7777e-02
     463   1.9610e+05      3.2494e-02
     464   1.9620e+05      3.7369e-02
     465   1.9630e+05      4.2860e-02
     466   1.9640e+05      4.8969e-02
     467   1.9650e+05      5.6002e-02
     468   1.9660e+05      6.3654e-02
     469   1.9670e+05      7.1927e-02
     470   1.9680e+05      8.1434e-02
     471   1.9690e+05      9.1564e-02
     472   1.9700e+05      1.0413e-01
     473   1.9710e+05      1.1701e-01
     474   1.9720e+05      1.3261e-01
     475   1.9730e+05      1.4887e-01
     476   1.9740e+05      1.6785e-01
     477   1.9750e+05      1.8713e-01
     478   1.9760e+05      2.0858e-01
     479   1.9770e+05      2.3132e-01
     480   1.9780e+05      2.5558e-01
     481   1.9790e+05      2.8203e-01
     482   1.9800e+05      3.0928e-01
     483   1.9810e+05      3.4337e-01
     484   1.9820e+05      3.7719e-01
     485   1.9830e+05      4.1444e-01
     486   1.9840e+05      4.5142e-01
     487   1.9850e+05      4.8874e-01
     488   1.9860e+05      5.2610e-01
     489   1.9870e+05      5.5731e-01
     490   1.9880e+05      5.8855e-01
     491   1.9890e+05      6.1704e-01
     492   1.9900e+05      6.4245e-01
     493   1.9910e+05      6.6479e-01
     494   1.9920e+05      6.8715e-01
     495   1.9930e+05      7.0612e-01
     496   1.9940e+05      7.2541e-01
     497   1.9950e+05      7.4131e-01
     498   1.9960e+05      7.5443e-01
     499   1.9970e+05      7.6103e-01
     500   1.9980e+05      7.6794e-01
     501   1.9990e+05      7.6833e-01
     502   2.0000e+05      7.6902e-01
     503   2.0010e+05      7.6629e-01
     504   2.0020e+05      7.6667e-01
     505   2.0030e+05      7.6737e-01
     506   2.0040e+05      7.6775e-01
     507   2.0050e+05      7.7126e-01
     508   2.0060e+05      7.7508e-01
     509   2.0070e+05      7.7859e-01
     510   2.0080e+05      7.8211e-01
     511   2.0090e+05      7.8562e-01
     512   2.0100e+05      7.8601e-01
     513   2.0110e+05      7.8672e-01
     514   2.0120e+05      7.9024e-01
     515   2.0130e+05      7.9691e-01
     516   2.0140e+05      8.0671e-01
     517   2.0150e+05      8.1653e-01
     518   2.0160e+05      8.2949e-01
     519   2.0170e+05      8.3933e-01
     520   2.0180e+05      8.4886e-01
     521   2.0190e+05      8.5556e-01
     522   2.0200e+05      8.5599e-01
     523   2.0210e+05      8.5956e-01
     524   2.0220e+05      8.5684e-01
     525   2.0230e+05      8.5726e-01
     526   2.0240e+05      8.5453e-01
     527   2.0250e+05      8.5180e-01
     528   2.0260e+05      8.4938e-01
     529   2.0270e+05      8.4980e-01
     530   2.0280e+05      8.4390e-01
     531   2.0290e+05      8.3800e-01
     532   2.0300e+05      8.3209e-01
     533   2.0310e+05      8.2617e-01
     534   2.0320e+05      8.2025e-01
     535   2.0330e+05      8.1749e-01
     536   2.0340e+05      8.1789e-01
     537   2.0350e+05      8.1829e-01
     538   2.0360e+05      8.2472e-01
     539   2.0370e+05      8.3147e-01
     540   2.0380e+05      8.4140e-01
     541   2.0390e+05      8.4816e-01
     542   2.0400e+05      8.5493e-01
     543   2.0410e+05      8.5853e-01
     544   2.0420e+05      8.6213e-01
     545   2.0430e+05      8.6573e-01
     546   2.0440e+05      8.6934e-01
     547   2.0450e+05      8.7614e-01
     548   2.0460e+05      8.8294e-01
     549   2.0470e+05      8.9293e-01
     550   2.0480e+05      8.9975e-01
     551   2.0490e+05      9.0976e-01
     552   2.0500e+05      9.1020e-01
     553   2.0510e+05      9.1384e-01
     554   2.0520e+05      9.1109e-01
     555   2.0530e+05      9.0834e-01
     556   2.0540e+05      9.0238e-01
     557   2.0550e+05      8.9962e-01
     558   2.0560e+05      8.9686e-01
     559   2.0570e+05      8.9409e-01
     560   2.0580e+05      8.9453e-01
     561   2.0590e+05      8.9496e-01
     562   2.0600e+05      8.9219e-01
     563   2.0610e+05      8.8941e-01
     564   2.0620e+05      8.8663e-01
     565   2.0630e+05      8.8064e-01
     566   2.0640e+05      8.7785e-01
     567   2.0650e+05      8.7184e-01
     568   2.0660e+05      8.7226e-01
     569   2.0670e+05      8.7590e-01
     570   2.0680e+05      8.8277e-01
     571   2.0690e+05      8.9286e-01
     572   2.0700e+05      8.9974e-01
     573   2.0710e+05      9.0663e-01
     574   2.0720e+05      9.1029e-01
     575   2.0730e+05      9.1073e-01
     576   2.0740e+05      9.0794e-01
     577   2.0750e+05      9.0192e-01
     578   2.0760e+05      8.9588e-01
     579   2.0770e+05      8.8985e-01
     580   2.0780e+05      8.8380e-01
     581   2.0790e+05      8.8423e-01
     582   2.0800e+05      8.8465e-01
     583   2.0810e+05      8.8832e-01
     584   2.0820e+05      8.8875e-01
     585   2.0830e+05      8.9242e-01
     586   2.0840e+05      8.9609e-01
     587   2.0850e+05      8.9652e-01
     588   2.0860e+05      8.9370e-01
     589   2.0870e+05      8.9413e-01
     590   2.0880e+05      8.9456e-01
     591   2.0890e+05      8.9499e-01
     592   2.0900e+05      8.9867e-01
     593   2.0910e+05      8.9910e-01
     594   2.0920e+05      9.0279e-01
     595   2.0930e+05      9.0322e-01
     596   2.0940e+05      9.0365e-01
     597   2.0950e+05      8.9756e-01
     598   2.0960e+05      8.9146e-01
     599   2.0970e+05      8.8535e-01
     600   2.0980e+05      8.7597e-01
     601   2.0990e+05      8.6658e-01
     602   2.1000e+05      8.6373e-01
     603   2.1010e+05      8.5759e-01
     604   2.1020e+05      8.6127e-01
     605   2.1030e+05      8.6168e-01
     606   2.1040e+05      8.6865e-01
     607   2.1050e+05      8.7562e-01
     608   2.1060e+05      8.7931e-01
     609   2.1070e+05      8.8629e-01
     610   2.1080e+05      8.9328e-01
     611   2.1090e+05      8.9699e-01
     612   2.1100e+05      9.0398e-01
     613   2.1110e+05      9.1099e-01
     614   2.1120e+05      9.1800e-01
     615   2.1130e+05      9.2830e-01
     616   2.1140e+05      9.3862e-01
     617   2.1150e+05      9.4862e-01
     618   2.1160e+05      9.5895e-01
     619   2.1170e+05      9.6600e-01
     620   2.1180e+05      9.7305e-01
     621   2.1190e+05      9.7351e-01
     622   2.1200e+05      9.7397e-01
     623   2.1210e+05      9.7443e-01
     624   2.1220e+05      9.7489e-01
     625   2.1230e+05      9.7865e-01
     626   2.1240e+05      9.7912e-01
     627   2.1250e+05      9.8289e-01
     628   2.1260e+05      9.8997e-01
     629   2.1270e+05      9.9375e-01
     630   2.1280e+05      9.9422e-01
     631   2.1290e+05      9.9468e-01
     632   2.1300e+05      9.8852e-01
     633   2.1310e+05      9.8234e-01
     634   2.1320e+05      9.7284e-01
     635   2.1330e+05      9.6001e-01
     636   2.1340e+05      9.5381e-01
     637   2.1350e+05      9.4429e-01
     638   2.1360e+05      9.3808e-01
     639   2.1370e+05      9.3519e-01
     640   2.1380e+05      9.3230e-01
     641   2.1390e+05      9.2940e-01
     642   2.1400e+05      9.2650e-01
     643   2.1410e+05      9.2360e-01
     644   2.1420e+05      9.2070e-01
     645   2.1430e+05      9.1445e-01
     646   2.1440e+05      9.1154e-01
     647   2.1450e+05      9.0862e-01
     648   2.1460e+05      9.0905e-01
     649   2.1470e+05      9.1616e-01
     650   2.1480e+05      9.2328e-01
     651   2.1490e+05      9.3375e-01
     652   2.1500e+05      9.4757e-01
     653   2.1510e+05      9.6141e-01
     654   2.1520e+05      9.7191e-01
     655   2.1530e+05      9.8243e-01
     656   2.1540e+05      9.8959e-01
     657   2.1550e+05      9.9341e-01
     658   2.1560e+05      9.9722e-01
     659   2.1570e+05      9.9769e-01
     660   2.1580e+05      9.9815e-01
     661   2.1590e+05      9.9861e-01
     662   2.1600e+05      9.9907e-01
     663   2.1610e+05      9.9954e-01
     664   2.1620e+05      1.0000e+00
     665   2.1630e+05      9.9373e-01
     666   2.1640e+05      9.9081e-01
     667   2.1650e+05      9.8116e-01
     668   2.1660e+05      9.6812e-01
     669   2.1670e+05      9.5507e-01
     670   2.1680e+05      9.3862e-01
     671   2.1690e+05      9.2217e-01
     672   2.1700e+05      9.0908e-01
     673   2.1710e+05      8.9935e-01
     674   2.1720e+05      8.9300e-01
     675   2.1730e+05      8.8664e-01
     676   2.1740e+05      8.8705e-01
     677   2.1750e+05      8.8746e-01
     678   2.1760e+05      8.8787e-01
     679   2.1770e+05      8.9167e-01
     680   2.1780e+05      8.9208e-01
     681   2.1790e+05      8.9248e-01
     682   2.1800e+05      8.9289e-01
     683   2.1810e+05      8.9670e-01
     684   2.1820e+05      9.0391e-01
     685   2.1830e+05      9.1112e-01
     686   2.1840e+05      9.2514e-01
     687   2.1850e+05      9.3578e-01
     688   2.1860e+05      9.5289e-01
     689   2.1870e+05      9.7035e-01
     690   2.1880e+05      9.8102e-01
     691   2.1890e+05      9.9169e-01
     692   2.1900e+05      9.9897e-01
     693   2.1910e+05      9.9601e-01
     694   2.1920e+05      9.9305e-01
     695   2.1930e+05      9.8667e-01
     696   2.1940e+05      9.7687e-01
     697   2.1950e+05      9.7048e-01
     698   2.1960e+05      9.6408e-01
     699   2.1970e+05      9.5768e-01
     700   2.1980e+05      9.5469e-01
     701   2.1990e+05      9.5170e-01
     702   2.2000e+05      9.4871e-01
     703   2.2010e+05      9.4914e-01
     704   2.2020e+05      9.4614e-01
     705   2.2030e+05      9.4314e-01
     706   2.2040e+05      9.3671e-01
     707   2.2050e+05      9.3370e-01
     708   2.2060e+05      9.2725e-01
     709   2.2070e+05      9.2079e-01
     710   2.2080e+05      9.1812e-01
     711   2.2090e+05      9.1509e-01
     712   2.2100e+05      9.1207e-01
     713   2.2110e+05      9.1248e-01
     714   2.2120e+05      9.0945e-01
     715   2.2130e+05      9.0986e-01
     716   2.2140e+05      9.0682e-01
     717   2.2150e+05      9.0033e-01
     718   2.2160e+05      8.9729e-01
     719   2.2170e+05      8.9079e-01
     720   2.2180e+05      8.8428e-01
     721   2.2190e+05      8.8122e-01
     722   2.2200e+05      8.7470e-01
     723   2.2210e+05      8.7164e-01
     724   2.2220e+05      8.7203e-01
     725   2.2230e+05      8.7242e-01
     726   2.2240e+05      8.7282e-01
     727   2.2250e+05      8.7321e-01
     728   2.2260e+05      8.7014e-01
     729   2.2270e+05      8.6706e-01
     730   2.2280e+05      8.6398e-01
     731   2.2290e+05      8.5742e-01
     732   2.2300e+05      8.5086e-01
     733   2.2310e+05      8.4429e-01
     734   2.2320e+05      8.3424e-01
     735   2.2330e+05      8.3114e-01
     736   2.2340e+05      8.2455e-01
     737   2.2350e+05      8.2144e-01
     738   2.2360e+05      8.2181e-01
     739   2.2370e+05      8.1869e-01
     740   2.2380e+05      8.1557e-01
     741   2.2390e+05      8.1245e-01
     742   2.2400e+05      8.0584e-01
     743   2.2410e+05      7.9922e-01
     744   2.2420e+05      7.8910e-01
     745   2.2430e+05      7.7548e-01
     746   2.2440e+05      7.6185e-01
     747   2.2450e+05      7.4820e-01
     748   2.2460e+05      7.3454e-01
     749   2.2470e+05      7.2437e-01
     750   2.2480e+05      7.1769e-01
     751   2.2490e+05      7.1101e-01
     752   2.2500e+05      7.0782e-01
     753   2.2510e+05      7.0813e-01
     754   2.2520e+05      7.0494e-01
     755   2.2530e+05      7.0174e-01
     756   2.2540e+05      6.9855e-01
     757   2.2550e+05      6.9534e-01
     758   2.2560e+05      6.8863e-01
     759   2.2570e+05      6.8542e-01
     760   2.2580e+05      6.8220e-01
     761   2.2590e+05      6.7899e-01
     762   2.2600e+05      6.7929e-01
     763   2.2610e+05      6.7959e-01
     764   2.2620e+05      6.8693e-01
     765   2.2630e+05      6.9076e-01
     766   2.2640e+05      6.9812e-01
     767   2.2650e+05      7.0195e-01
     768   2.2660e+05      7.0932e-01
     769   2.2670e+05      7.0964e-01
     770   2.2680e+05      7.0995e-01
     771   2.2690e+05      7.1026e-01
     772   2.2700e+05      7.0704e-01
     773   2.2710e+05      7.0381e-01
     774   2.2720e+05      7.0412e-01
     775   2.2730e+05      7.0443e-01
     776   2.2740e+05      7.0474e-01
     777   2.2750e+05      7.0860e-01
     778   2.2760e+05      7.1245e-01
     779   2.2770e+05      7.1631e-01
     780   2.2780e+05      7.2017e-01
     781   2.2790e+05      7.2049e-01
     782   2.2800e+05      7.1726e-01
     783   2.2810e+05      7.1757e-01
     784   2.2820e+05      7.1078e-01
     785   2.2830e+05      7.0398e-01
     786   2.2840e+05      6.9362e-01
     787   2.2850e+05      6.8680e-01
     788   2.2860e+05      6.7998e-01
     789   2.2870e+05      6.7672e-01
     790   2.2880e+05      6.7345e-01
     791   2.2890e+05      6.7374e-01
     792   2.2900e+05      6.7404e-01
     793   2.2910e+05      6.7790e-01
     794   2.2920e+05      6.7820e-01
     795   2.2930e+05      6.8206e-01
     796   2.2940e+05      6.8593e-01
     797   2.2950e+05      6.8588e-01
     798   2.2960e+05      6.8617e-01
     799   2.2970e+05      6.8647e-01
     800   2.2980e+05      6.9035e-01
     801   2.2990e+05      6.9065e-01
     802   2.3000e+05      6.9812e-01
     803   2.3010e+05      7.0200e-01
     804   2.3020e+05      7.0948e-01
     805   2.3030e+05      7.1696e-01
     806   2.3040e+05      7.2445e-01
     807   2.3050e+05      7.2835e-01
     808   2.3060e+05      7.3226e-01
     809   2.3070e+05      7.3258e-01
     810   2.3080e+05      7.2930e-01
     811   2.3090e+05      7.2962e-01
     812   2.3100e+05      7.2633e-01
     813   2.3110e+05      7.1945e-01
     814   2.3120e+05      7.1616e-01
     815   2.3130e+05      7.1287e-01
     816   2.3140e+05      7.0993e-01
     817   2.3150e+05      7.0663e-01
     818   2.3160e+05      7.0694e-01
     819   2.3170e+05      7.0364e-01
     820   2.3180e+05      6.9672e-01
     821   2.3190e+05      6.9341e-01
     822   2.3200e+05      6.8648e-01
     823   2.3210e+05      6.7593e-01
     824   2.3220e+05      6.6899e-01
     825   2.3230e+05      6.5481e-01
     826   2.3240e+05      6.4062e-01
     827   2.3250e+05      6.3003e-01
     828   2.3260e+05      6.1581e-01
     829   2.3270e+05      6.0520e-01
     830   2.3280e+05      5.9459e-01
     831   2.3290e+05      5.8759e-01
     832   2.3300e+05      5.8058e-01
     833   2.3310e+05      5.7720e-01
     834   2.3320e+05      5.7019e-01
     835   2.3330e+05      5.6316e-01
     836   2.3340e+05      5.5977e-01
     837   2.3350e+05      5.5274e-01
     838   2.3360e+05      5.4570e-01
     839   2.3370e+05      5.3865e-01
     840   2.3380e+05      5.3160e-01
     841   2.3390e+05      5.2454e-01
     842   2.3400e+05      5.1748e-01
     843   2.3410e+05      5.1405e-01
     844   2.3420e+05      5.1063e-01
     845   2.3430e+05      5.0719e-01
     846   2.3440e+05      5.0376e-01
     847   2.3450e+05      5.0398e-01
     848   2.3460e+05      5.0054e-01
     849   2.3470e+05      4.9710e-01
     850   2.3480e+05      4.9365e-01
     851   2.3490e+05      4.8654e-01
     852   2.3500e+05      4.7943e-01
     853   2.3510e+05      4.7231e-01
     854   2.3520e+05      4.6519e-01
     855   2.3530e+05      4.5439e-01
     856   2.3540e+05      4.4725e-01
     857   2.3550e+05      4.4378e-01
     858   2.3560e+05      4.3663e-01
     859   2.3570e+05      4.3314e-01
     860   2.3580e+05      4.3332e-01
     861   2.3590e+05      4.2983e-01
     862   2.3600e+05      4.3002e-01
     863   2.3610e+05      4.3388e-01
     864   2.3620e+05      4.3406e-01
     865   2.3630e+05      4.3424e-01
     866   2.3640e+05      4.3443e-01
     867   2.3650e+05      4.3461e-01
     868   2.3660e+05      4.3480e-01
     869   2.3670e+05      4.3498e-01
     870   2.3680e+05      4.3516e-01
     871   2.3690e+05      4.3535e-01
     872   2.3700e+05      4.3922e-01
     873   2.3710e+05      4.3941e-01
     874   2.3720e+05      4.4329e-01
     875   2.3730e+05      4.4717e-01
     876   2.3740e+05      4.5105e-01
     877   2.3750e+05      4.5124e-01
     878   2.3760e+05      4.5143e-01
     879   2.3770e+05      4.5162e-01
     880   2.3780e+05      4.5181e-01
     881   2.3790e+05      4.4830e-01
     882   2.3800e+05      4.4849e-01
     883   2.3810e+05      4.4497e-01
     884   2.3820e+05      4.4515e-01
     885   2.3830e+05      4.4163e-01
     886   2.3840e+05      4.4182e-01
     887   2.3850e+05      4.4572e-01
     888   2.3860e+05      4.4590e-01
     889   2.3870e+05      4.4981e-01
     890   2.3880e+05      4.5743e-01
     891   2.3890e+05      4.6134e-01
     892   2.3900e+05      4.6898e-01
     893   2.3910e+05      4.7290e-01
     894   2.3920e+05      4.7682e-01
     895   2.3930e+05      4.8075e-01
     896   2.3940e+05      4.8468e-01
     897   2.3950e+05      4.8861e-01
     898   2.3960e+05      4.9255e-01
     899   2.3970e+05      4.9275e-01
     900   2.3980e+05      4.9669e-01
     901   2.3990e+05      5.0064e-01
     902   2.4000e+05      5.0458e-01
     903   2.4010e+05      5.0853e-01
     904   2.4020e+05      5.1623e-01
     905   2.4030e+05      5.2018e-01
     906   2.4040e+05      5.2789e-01
     907   2.4050e+05      5.3560e-01
     908   2.4060e+05      5.3957e-01
     909   2.4070e+05      5.4354e-01
     910   2.4080e+05      5.4377e-01
     911   2.4090e+05      5.4774e-01
     912   2.4100e+05      5.4797e-01
     913   2.4110e+05      5.4820e-01
     914   2.4120e+05      5.4843e-01
     915   2.4130e+05      5.4865e-01
     916   2.4140e+05      5.4888e-01
     917   2.4150e+05      5.4911e-01
     918   2.4160e+05      5.5310e-01
     919   2.4170e+05      5.5709e-01
     920   2.4180e+05      5.6109e-01
     921   2.4190e+05      5.6509e-01
     922   2.4200e+05      5.6909e-01
     923   2.4210e+05      5.6932e-01
     924   2.4220e+05      5.6956e-01
     925   2.4230e+05      5.6979e-01
     926   2.4240e+05      5.6625e-01
     927   2.4250e+05      5.6649e-01
     928   2.4260e+05      5.6294e-01
     929   2.4270e+05      5.5940e-01
     930   2.4280e+05      5.5585e-01
     931   2.4290e+05      5.5607e-01
     932   2.4300e+05      5.5252e-01
     933   2.4310e+05      5.5275e-01
     934   2.4320e+05      5.5676e-01
     935   2.4330e+05      5.6078e-01
     936   2.4340e+05      5.6101e-01
     937   2.4350e+05      5.6503e-01
     938   2.4360e+05      5.6526e-01
     939   2.4370e+05      5.6929e-01
     940   2.4380e+05      5.6953e-01
     941   2.4390e+05      5.6976e-01
     942   2.4400e+05      5.6999e-01
     943   2.4410e+05      5.6642e-01
     944   2.4420e+05      5.6666e-01
     945   2.4430e+05      5.6308e-01
     946   2.4440e+05      5.6331e-01
     947   2.4450e+05      5.6354e-01
     948   2.4460e+05      5.5997e-01
     949   2.4470e+05      5.6019e-01
     950   2.4480e+05      5.6042e-01
     951   2.4490e+05      5.5684e-01
     952   2.4500e+05      5.5707e-01
     953   2.4510e+05      5.5348e-01
     954   2.4520e+05      5.4988e-01
     955   2.4530e+05      5.4285e-01
     956   2.4540e+05      5.3925e-01
     957   2.4550e+05      5.3182e-01
     958   2.4560e+05      5.2439e-01
     959   2.4570e+05      5.1695e-01
     960   2.4580e+05      5.0950e-01
     961   2.4590e+05      5.0205e-01
     962   2.4600e+05      4.9459e-01
     963   2.4610e+05      4.9096e-01
     964   2.4620e+05      4.8733e-01
     965   2.4630e+05      4.8369e-01
     966   2.4640e+05      4.8389e-01
     967   2.4650e+05      4.8408e-01
     968   2.4660e+05      4.8044e-01
     969   2.4670e+05      4.8063e-01
     970   2.4680e+05      4.8083e-01
     971   2.4690e+05      4.7718e-01
     972   2.4700e+05      4.7352e-01
     973   2.4710e+05      4.7372e-01
     974   2.4720e+05      4.7006e-01
     975   2.4730e+05      4.6255e-01
     976   2.4740e+05      4.5888e-01
     977   2.4750e+05      4.5521e-01
     978   2.4760e+05      4.5154e-01
     979   2.4770e+05      4.5172e-01
     980   2.4780e+05      4.4804e-01
     981   2.4790e+05      4.4823e-01
     982   2.4800e+05      4.4841e-01
     983   2.4810e+05      4.4859e-01
     984   2.4820e+05      4.4877e-01
     985   2.4830e+05      4.4508e-01
     986   2.4840e+05      4.4526e-01
     987   2.4850e+05      4.4157e-01
     988   2.4860e+05      4.3788e-01
     989   2.4870e+05      4.3418e-01
     990   2.4880e+05      4.2660e-01
     991   2.4890e+05      4.2290e-01
     992   2.4900e+05      4.1919e-01
     993   2.4910e+05      4.1548e-01
     994   2.4920e+05      4.1177e-01
     995   2.4930e+05      4.0805e-01
     996   2.4940e+05      4.0821e-01
     997   2.4950e+05      4.0449e-01
     998   2.4960e+05      4.0077e-01
     999   2.4970e+05      4.0093e-01
    1000   2.4980e+05      3.9720e-01
    1001   2.4990e+05      3.9346e-01
    1002   2.5000e+05      3.8934e-01
    1003   2.5010e+05      3.8529e-01
    1004   2.5020e+05      3.7921e-01
    1005   2.5030e+05      3.7277e-01
    1006   2.5040e+05      3.6629e-01
    1007   2.5050e+05      3.5945e-01
    1008   2.5060e+05      3.5261e-01
    1009   2.5070e+05      3.4572e-01
    1010   2.5080e+05      3.4004e-01
    1011   2.5090e+05      3.3514e-01
    1012   2.5100e+05      3.3023e-01
    1013   2.5110e+05      3.2645e-01
    1014   2.5120e+05      3.2345e-01
    1015   2.5130e+05      3.2045e-01
    1016   2.5140e+05      3.1780e-01
    1017   2.5150e+05      3.1553e-01
    1018   2.5160e+05      3.1327e-01
    1019   2.5170e+05      3.1100e-01
    1020   2.5180e+05      3.0916e-01
    1021   2.5190e+05      3.0693e-01
    1022   2.5200e+05      3.0509e-01
    1023   2.5210e+05      3.0329e-01
    1024   2.5220e+05      3.0188e-01
    1025   2.5230e+05      3.0047e-01
    1026   2.5240e+05      2.9984e-01
    1027   2.5250e+05      2.9921e-01
    1028   2.5260e+05      2.9897e-01
    1029   2.5270e+05      2.9949e-01
    1030   2.5280e+05      3.0000e-01
    1031   2.5290e+05      3.0012e-01
    1032   2.5300e+05      3.0024e-01
    1033   2.5310e+05      3.0036e-01
    1034   2.5320e+05      3.0008e-01
    1035   2.5330e+05      2.9823e-01
    1036   2.5340e+05      2.9673e-01
    1037   2.5350e+05      2.9447e-01
    1038   2.5360e+05      2.9143e-01
    1039   2.5370e+05      2.8834e-01
    1040   2.5380e+05      2.8530e-01
    1041   2.5390e+05      2.8225e-01
    1042   2.5400e+05      2.7915e-01
    1043   2.5410e+05      2.7649e-01
    1044   2.5420e+05      2.7423e-01
    1045   2.5430e+05      2.7196e-01
    1046   2.5440e+05      2.6969e-01
    1047   2.5450e+05      2.6742e-01
    1048   2.5460e+05      2.6439e-01
    1049   2.5470e+05      2.6172e-01
    1050   2.5480e+05      2.5749e-01
    1051   2.5490e+05      2.5247e-01
    1052   2.5500e+05      2.4781e-01
    1053   2.5510e+05      2.4198e-01
    1054   2.5520e+05      2.3536e-01
    1055   2.5530e+05      2.2913e-01
    1056   2.5540e+05      2.2290e-01
    1057   2.5550e+05      2.1745e-01
    1058   2.5560e+05      2.1201e-01
    1059   2.5570e+05      2.0731e-01
    1060   2.5580e+05      2.0425e-01
    1061   2.5590e+05      2.0154e-01
    1062   2.5600e+05      1.9886e-01
    1063   2.5610e+05      1.9695e-01
    1064   2.5620e+05      1.9503e-01
    1065   2.5630e+05      1.9315e-01
    1066   2.5640e+05      1.9003e-01
    1067   2.5650e+05      1.8615e-01
    1068   2.5660e+05      1.8267e-01
    1069   2.5670e+05      1.7758e-01
    1070   2.5680e+05      1.7173e-01
    1071   2.5690e+05      1.6548e-01
    1072   2.5700e+05      1.5918e-01
    1073   2.5710e+05      1.5247e-01
    1074   2.5720e+05      1.4580e-01
    1075   2.5730e+05      1.3949e-01
    1076   2.5740e+05      1.3473e-01
    1077   2.5750e+05      1.2957e-01
    1078   2.5760e+05      1.2521e-01
    1079   2.5770e+05      1.2333e-01
    1080   2.5780e+05      1.2141e-01
    1081   2.5790e+05      1.1953e-01
    1082   2.5800e+05      1.1966e-01
    1083   2.5810e+05      1.1982e-01
    1084   2.5820e+05      1.2035e-01
    1085   2.5830e+05      1.2128e-01
    1086   2.5840e+05      1.2258e-01
    1087   2.5850e+05      1.2432e-01
    1088   2.5860e+05      1.2561e-01
    1089   2.5870e+05      1.2763e-01
    1090   2.5880e+05      1.2930e-01
    1091   2.5890e+05      1.3132e-01
    1092   2.5900e+05      1.3331e-01
    1093   2.5910e+05      1.3530e-01
    1094   2.5920e+05      1.3733e-01
    1095   2.5930e+05      1.3855e-01
    1096   2.5940e+05      1.4018e-01
    1097   2.5950e+05      1.4145e-01
    1098   2.5960e+05      1.4191e-01
    1099   2.5970e+05      1.4232e-01
    1100   2.5980e+05      1.4242e-01
    1101   2.5990e+05      1.4207e-01
    1102   2.6000e+05      1.4095e-01
    1103   2.6010e+05      1.3942e-01
    1104   2.6020e+05      1.3794e-01
    1105   2.6030e+05      1.3560e-01
    1106   2.6040e+05      1.3330e-01
    1107   2.6050e+05      1.3100e-01
    1108   2.6060e+05      1.2833e-01
    1109   2.6070e+05      1.2562e-01
    1110   2.6080e+05      1.2294e-01
    1111   2.6090e+05      1.2068e-01
    1112   2.6100e+05      1.1840e-01
    1113   2.6110e+05      1.1617e-01
    1114   2.6120e+05      1.1394e-01
    1115   2.6130e+05      1.1174e-01
    1116   2.6140e+05      1.0987e-01
    1117   2.6150e+05      1.0760e-01
    1118   2.6160e+05      1.0531e-01
    1119   2.6170e+05      1.0299e-01
    1120   2.6180e+05      1.0034e-01
    1121   2.6190e+05      9.7196e-02
    1122   2.6200e+05      9.3969e-02
    1123   2.6210e+05      9.0821e-02
    1124   2.6220e+05      8.7589e-02
    1125   2.6230e+05      8.4681e-02
    1126   2.6240e+05      8.1771e-02
    1127   2.6250e+05      7.9227e-02
    1128   2.6260e+05      7.7866e-02
    1129   2.6270e+05      7.6832e-02
    1130   2.6280e+05      7.5470e-02
    1131   2.6290e+05      7.6154e-02
    1132   2.6300e+05      7.6510e-02
    1133   2.6310e+05      7.7236e-02
    1134   2.6320e+05      7.8085e-02
    1135   2.6330e+05      7.8976e-02
    1136   2.6340e+05      7.9867e-02
    1137   2.6350e+05      8.0349e-02
    1138   2.6360e+05      8.0790e-02
    1139   2.6370e+05      8.0862e-02
    1140   2.6380e+05      8.0934e-02
    1141   2.6390e+05      8.0964e-02
    1142   2.6400e+05      8.0625e-02
    1143   2.6410e+05      8.0244e-02
    1144   2.6420e+05      8.0316e-02
    1145   2.6430e+05      8.0346e-02
    1146   2.6440e+05      8.0377e-02
    1147   2.6450e+05      8.0448e-02
    1148   2.6460e+05      8.0561e-02
    1149   2.6470e+05      8.0674e-02
    1150   2.6480e+05      8.0746e-02
    1151   2.6490e+05      7.9662e-02
    1152   2.6500e+05      7.8619e-02
    1153   2.6510e+05      7.7534e-02
    1154   2.6520e+05      7.5746e-02
    1155   2.6530e+05      7.3089e-02
    1156   2.6540e+05      7.0430e-02
    1157   2.6550e+05      6.7810e-02
    1158   2.6560e+05      6.5106e-02
    1159   2.6570e+05      6.2027e-02
    1160   2.6580e+05      5.9277e-02
    1161   2.6590e+05      5.6152e-02
    1162   2.6600e+05      5.3646e-02
    1163   2.6610e+05      5.0848e-02
    1164   2.6620e+05      4.8090e-02
    1165   2.6630e+05      4.5288e-02
    1166   2.6640e+05      4.2525e-02
    1167   2.6650e+05      3.9719e-02
    1168   2.6660e+05      3.7043e-02
    1169   2.6670e+05      3.4370e-02
    1170   2.6680e+05      3.1620e-02
    1171   2.6690e+05      2.9591e-02
    1172   2.6700e+05      2.9298e-02
    1173   2.6710e+05      2.8673e-02
    1174   2.6720e+05      2.7572e-02
    1175   2.6730e+05      9.9783e-02
    1176   2.6740e+05      1.1111e-01
    1177   2.6750e+05      1.1090e-01
    1178   2.6760e+05      1.1211e-01
    1179   2.6770e+05      1.0844e-01
    1180   2.6780e+05      1.0477e-01
    1181   2.6790e+05      1.0147e-01
    1182   2.6800e+05      9.8166e-02
    1183   2.6810e+05      9.4862e-02
    1184   2.6820e+05      9.1640e-02
    1185   2.6830e+05      8.7955e-02
    1186   2.6840e+05      8.4100e-02
    1187   2.6850e+05      8.0410e-02
    1188   2.6860e+05      7.6885e-02
    1189   2.6870e+05      7.3482e-02
    1190   2.6880e+05      7.0328e-02
    1191   2.6890e+05      6.7255e-02
    1192   2.6900e+05      6.4306e-02
    1193   2.6910e+05      6.1564e-02
    1194   2.6920e+05      5.8903e-02
    1195   2.6930e+05      5.6367e-02
    1196   2.6940e+05      5.3954e-02
    1197   2.6950e+05      5.1540e-02
    1198   2.6960e+05      4.9250e-02
    1199   2.6970e+05      4.7084e-02
    1200   2.6980e+05      4.4959e-02
    1201   2.6990e+05      4.2874e-02
    1202   2.7000e+05      4.0354e-02
    1203   2.7010e+05      3.7446e-02
    1204   2.7020e+05      3.4556e-02
    1205   2.7030e+05      3.0296e-02
    1206   2.7040e+05      1.8525e-02
    1207   2.7050e+05      1.9858e-02
    1208   2.7060e+05      2.1391e-02
    1209   2.7070e+05      2.3199e-02
    1210   2.7080e+05      2.4528e-02
    1211   2.7090e+05      2.5879e-02
    1212   2.7100e+05      2.7247e-02
    1213   2.7110e+05      2.8186e-02
    1214   2.7120e+05      2.8682e-02
    1215   2.7130e+05      2.9086e-02
    1216   2.7140e+05      2.9515e-02
    1217   2.7150e+05      2.9382e-02
    1218   2.7160e+05      2.9266e-02
    1219   2.7170e+05      2.9129e-02
    1220   2.7180e+05      2.8847e-02
    1221   2.7190e+05      2.8481e-02
    1222   2.7200e+05      2.8161e-02
    1223   2.7210e+05      2.7862e-02
    1224   2.7220e+05      2.7279e-02
    1225   2.7230e+05      2.6551e-02
    1226   2.7240e+05      2.5903e-02
    1227   2.7250e+05      2.5013e-02
    1228   2.7260e+05      2.3248e-02
    1229   2.7270e+05      2.1494e-02
    1230   2.7280e+05      1.9845e-02
    1231   2.7290e+05      1.7468e-02
    1232   2.7300e+05      1.4859e-02
    1233   2.7310e+05      1.2496e-02
    1234   2.7320e+05      1.0186e-02
    1235   2.7330e+05      6.0779e-03
    1236   2.7340e+05      3.6136e-03
    1237   2.7350e+05      2.1906e-03
    1238   2.7360e+05      1.6946e-03
    1239   2.7370e+05      2.6696e-04
    1240   2.7380e+05      4.4431e-04
    1241   2.7390e+05      3.7452e-04
    1242   2.7400e+05      3.1483e-04
    1243   2.7410e+05      2.6607e-04
    1244   2.7420e+05      2.2355e-04
    1245   2.7430e+05      1.8877e-04
    1246   2.7440e+05      1.5948e-04
    1247   2.7450e+05      1.3389e-04
    1248   2.7460e+05      1.1260e-04
    1249   2.7470e+05      9.4716e-05
    1250   2.7480e+05      7.9644e-05
    1251   2.7490e+05      6.6872e-05
    1252   2.7500e+05      5.6318e-05
    1253   2.7510e+05      4.7341e-05
    1254   2.7520e+05      3.9764e-05
    1255   2.7530e+05      3.3420e-05
    1256   2.7540e+05      3.0353e-05
    1257   2.7550e+05      2.8425e-05
    1258   2.7560e+05      2.6577e-05
    1259   2.7570e+05      2.4886e-05
    1260   2.7580e+05      2.3198e-05
    1261   2.7590e+05      2.1742e-05
    1262   2.7600e+05      2.0361e-05
    1263   2.7610e+05      1.9057e-05
    1264   2.7620e+05      1.7834e-05
    1265   2.7630e+05      1.6687e-05
    1266   2.7640e+05      1.5617e-05
    1267   2.7650e+05      1.4546e-05
    1268   2.7660e+05      1.3608e-05
    1269   2.7670e+05      1.2725e-05
    1270   2.7680e+05      1.1911e-05
    1271   2.7690e+05      1.1113e-05
    1272   2.7700e+05      1.0371e-05
    1273   2.7710e+05      9.7054e-06
    1274   2.7720e+05      2.0609e-05
    1275   2.7730e+05      3.1029e-05
    1276   2.7740e+05      7.4738e-05
    1277   2.7750e+05      3.7836e-04
    1278   2.7760e+05      3.4715e-03
    1279   2.7770e+05      4.6232e-03
    1280   2.7780e+05      6.0612e-03
    1281   2.7790e+05      7.7859e-03
    1282   2.7800e+05      9.1135e-03
    1283   2.7810e+05      9.4632e-03
    1284   2.7820e+05      9.7179e-03
    1285   2.7830e+05      1.0068e-02
    1286   2.7840e+05      1.0176e-02
    1287   2.7850e+05      1.0201e-02
    1288   2.7860e+05      1.0235e-02
    1289   2.7870e+05      1.0282e-02
    1290   2.7880e+05      1.0225e-02
    1291   2.7890e+05      1.0216e-02
    1292   2.7900e+05      1.0215e-02
    1293   2.7910e+05      1.0058e-02
    1294   2.7920e+05      9.2572e-03
    1295   2.7930e+05      8.5689e-03
    1296   2.7940e+05      7.9019e-03
    1297   2.7950e+05      6.6076e-03
    1298   2.7960e+05      4.8464e-03
    1299   2.7970e+05      3.5244e-03
    1300   2.7980e+05      2.5783e-03
    1301   2.7990e+05      5.7147e-04
    1302   2.8000e+05      1.5960e-04
    1303   2.8050e+05      3.8429e-05
    1304   2.8100e+05      4.6562e-05
    1305   2.8150e+05      5.0328e-05
    1306   2.8200e+05      5.4545e-05
    1307   2.8250e+05      5.9438e-05
    1308   2.8300e+05      6.2452e-05
    1309   2.8350e+05      6.1370e-05
    1310   2.8400e+05      6.0947e-05
    1311   2.8450e+05      6.0745e-05
    1312   2.8500e+05      5.6191e-05