       1      5010.00            0.00
       2      8570.00            0.00
       3      8580.00            0.01
       4      8590.00            0.02
       5      8600.00            0.02
       6      8610.00            0.01
       7      8620.00            0.01
       8      8630.00            0.01
       9      8640.00            0.01
      10      8650.00            0.01
      11      8660.00            0.01
      12      8670.00            0.01
      13      8680.00            0.01
      14      8690.00            0.01
      15      8700.00            0.01
      16      8710.00            0.01
      17      8720.00            0.01
      18      8730.00            0.01
      19      8740.00            0.01
      20      8750.00            0.01
      21      8760.00            0.02
      22      8770.00            0.01
      23      8780.00            0.01
      24      8790.00            0.01
      25      8800.00            0.01
      26      8810.00            0.01
      27      8820.00            0.01
      28      8830.00            0.01
      29      8840.00            0.01
      30      8850.00            0.01
      31      8860.00            0.01
      32      8870.00            0.01
      33      8880.00            0.01
      34      8890.00            0.01
      35      8900.00            0.01
      36      8910.00            0.01
      37      8920.00            0.01
      38      8930.00            0.01
      39      8940.00            0.01
      40      8950.00            0.01
      41      8960.00            0.02
      42      8970.00            0.02
      43      8980.00            0.02
      44      8990.00            0.02
      45      9000.00            0.02
      46      9010.00            0.02
      47      9020.00            0.02
      48      9030.00            0.02
      49      9040.00            0.02
      50      9050.00            0.01
      51      9060.00            0.01
      52      9070.00            0.01
      53      9080.00            0.01
      54      9090.00            0.01
      55      9100.00            0.01
      56      9110.00            0.01
      57      9120.00            0.01
      58      9130.00            0.01
      59      9140.00            0.01
      60      9150.00            0.01
      61      9160.00            0.01
      62      9170.00            0.01
      63      9180.00            0.01
      64      9190.00            0.01
      65      9200.00            0.01
      66      9210.00            0.01
      67      9220.00            0.01
      68      9230.00            0.01
      69      9240.00            0.01
      70      9250.00            0.00
      71     11050.00            0.00
      72     11060.00            0.07
      73     11070.00            0.03
      74     11080.00            0.00
      75     11090.00            0.03
      76     11100.00            0.09
      77     11110.00            0.02
      78     11120.00            0.00
      79     11160.00            0.00
      80     11170.00            0.04
      81     11180.00            0.08
      82     11190.00            0.05
      83     11200.00            0.03
      84     11210.00            0.01
      85     11220.00            0.00
      86     11230.00            0.04
      87     11240.00            0.07
      88     11250.00            0.09
      89     11260.00            0.09
      90     11270.00            0.11
      91     11280.00            0.11
      92     11290.00            0.12
      93     11300.00            0.12
      94     11310.00            0.19
      95     11320.00            0.23
      96     11330.00            0.22
      97     11340.00            0.19
      98     11350.00            0.17
      99     11360.00            0.25
     100     11370.00            0.34
     101     11380.00            0.38
     102     11390.00            0.46
     103     11400.00            0.53
     104     11410.00            0.51
     105     11420.00            0.53
     106     11430.00            0.70
     107     11440.00            0.76
     108     11450.00            0.84
     109     11460.00            0.94
     110     11470.00            1.03
     111     11480.00            1.32
     112     11490.00            1.53
     113     11500.00            1.69
     114     11510.00            2.18
     115     11520.00            2.48
     116     11530.00            2.96
     117     11540.00            3.55
     118     11550.00            4.36
     119     11560.00            5.04
     120     11570.00            6.39
     121     11580.00            7.42
     122     11590.00            9.25
     123     11600.00           11.14
     124     11610.00           14.01
     125     11620.00           16.82
     126     11630.00           20.93
     127     11640.00           24.83
     128     11650.00           29.63
     129     11660.00           34.39
     130     11670.00           39.90
     131     11680.00           45.29
     132     11690.00           49.78
     133     11700.00           54.26
     134     11710.00           56.88
     135     11720.00           59.67
     136     11730.00           60.56
     137     11740.00           60.60
     138     11750.00           61.63
     139     11760.00           61.99
     140     11770.00           61.28
     141     11780.00           59.94
     142     11790.00           60.38
     143     11800.00           59.77
     144     11810.00           59.48
     145     11820.00           57.33
     146     11830.00           59.14
     147     11840.00           58.65
     148     11850.00           58.36
     149     11860.00           59.29
     150     11870.00           59.20
     151     11880.00           58.34
     152     11890.00           59.76
     153     11900.00           60.57
     154     11910.00           60.98
     155     11920.00           61.65
     156     11930.00           62.12
     157     11940.00           62.72
     158     11950.00           63.36
     159     11960.00           63.96
     160     11970.00           64.62
     161     11980.00           65.00
     162     11990.00           65.03
     163     12000.00           66.26
     164     12010.00           66.66
     165     12020.00           67.04
     166     12030.00           67.47
     167     12040.00           66.36
     168     12050.00           67.84
     169     12060.00           68.95
     170     12070.00           68.84
     171     12080.00           69.15
     172     12090.00           69.42
     173     12100.00           69.92
     174     12110.00           70.10
     175     12120.00           70.20
     176     12130.00           70.74
     177     12140.00           70.73
     178     12150.00           70.76
     179     12160.00           71.16
     180     12170.00           71.24
     181     12180.00           71.33
     182     12190.00           71.17
     183     12200.00           71.59
     184     12210.00           71.89
     185     12220.00           71.79
     186     12230.00           72.02
     187     12240.00           72.25
     188     12250.00           72.55
     189     12260.00           72.75
     190     12270.00           72.77
     191     12280.00           73.17
     192     12290.00           73.47
     193     12300.00           73.78
     194     12310.00           74.04
     195     12320.00           74.24
     196     12330.00           74.43
     197     12340.00           74.76
     198     12350.00           74.95
     199     12360.00           75.15
     200     12370.00           75.36
     201     12380.00           75.61
     202     12390.00           75.77
     203     12400.00           75.93
     204     12410.00           76.02
     205     12420.00           76.13
     206     12430.00           76.22
     207     12440.00           76.30
     208     12450.00           76.31
     209     12460.00           76.32
     210     12470.00           76.22
     211     12480.00           76.11
     212     12490.00           76.03
     213     12500.00           75.92
     214     12510.00           75.60
     215     12520.00           75.44
     216     12530.00           75.01
     217     12540.00           74.49
     218     12550.00           74.33
     219     12560.00           73.56
     220     12570.00           73.19
     221     12580.00           72.81
     222     12590.00           71.77
     223     12600.00           71.69
     224     12610.00           70.19
     225     12620.00           69.58
     226     12630.00           68.46
     227     12640.00           67.26
     228     12650.00           67.22
     229     12660.00           66.17
     230     12670.00           67.27
     231     12680.00           64.34
     232     12690.00           56.25
     233     12700.00           65.88
     234     12710.00           67.54
     235     12720.00           67.33
     236     12730.00           67.33
     237     12740.00           67.43
     238     12750.00           67.65
     239     12760.00           67.79
     240     12770.00           68.01
     241     12780.00           68.06
     242     12790.00           68.38
     243     12800.00           68.48
     244     12810.00           69.02
     245     12820.00           69.49
     246     12830.00           69.99
     247     12840.00           70.48
     248     12850.00           70.67
     249     12860.00           70.94
     250     12870.00           70.96
     251     12880.00           71.08
     252     12890.00           71.45
     253     12900.00           72.05
     254     12910.00           72.82
     255     12920.00           73.52
     256     12930.00           74.12
     257     12940.00           74.58
     258     12950.00           74.56
     259     12960.00           74.50
     260     12970.00           75.03
     261     12980.00           75.79
     262     12990.00           76.72
     263     13000.00           77.28
     264     13010.00           77.45
     265     13020.00           78.01
     266     13030.00           77.63
     267     13040.00           77.15
     268     13050.00           78.91
     269     13060.00           79.68
     270     13070.00           79.48
     271     13080.00           79.90
     272     13090.00           80.18
     273     13100.00           78.57
     274     13110.00           80.15
     275     13120.00           80.78
     276     13130.00           80.39
     277     13140.00           80.12
     278     13150.00           80.75
     279     13160.00           80.80
     280     13170.00           79.67
     281     13180.00           80.07
     282     13190.00           79.60
     283     13200.00           78.68
     284     13210.00           79.46
     285     13220.00           78.99
     286     13230.00           76.49
     287     13240.00           75.74
     288     13250.00           76.20
     289     13260.00           75.36
     290     13270.00           73.07
     291     13280.00           70.40
     292     13290.00           66.37
     293     13300.00           65.91
     294     13310.00           61.76
     295     13320.00           58.47
     296     13330.00           57.54
     297     13340.00           53.78
     298     13350.00           51.99
     299     13360.00           46.63
     300     13370.00           44.77
     301     13380.00           41.50
     302     13390.00           38.96
     303     13400.00           34.42
     304     13410.00           32.00
     305     13420.00           29.90
     306     13430.00           27.14
     307     13440.00           21.83
     308     13450.00           20.54
     309     13460.00           17.99
     310     13470.00           15.98
     311     13480.00           10.77
     312     13490.00           11.29
     313     13500.00            9.41
     314     13510.00            8.26
     315     13520.00            6.87
     316     13530.00            5.13
     317     13540.00            4.40
     318     13550.00            2.58
     319     13560.00            3.06
     320     13570.00            2.74
     321     13580.00            2.11
     322     13590.00            1.87
     323     13600.00            1.50
     324     13610.00            0.77
     325     13620.00            0.31
     326     13630.00            1.16
     327     13640.00            1.05
     328     13650.00            0.40
     329     13660.00            1.02
     330     13670.00            0.81
     331     13680.00            0.33
     332     13690.00            0.57
     333     13700.00            0.51
     334     13710.00            0.34
     335     13720.00            0.46
     336     13730.00            0.58
     337     13740.00            0.58
     338     13750.00            0.49
     339     13760.00            0.48
     340     13770.00            0.40
     341     13780.00            0.53
     342     13790.00            0.29
     343     13800.00            0.26
     344     13810.00            0.11
     345     13820.00            0.13
     346     13830.00            0.06
     347     13840.00            0.13
     348     13850.00            0.14
     349     13860.00            0.22
     350     13870.00            0.23
     351     13880.00            0.07
     352     13890.00            0.14
     353     13900.00            0.13
     354     13910.00            0.14
     355     13920.00            0.08
     356     13930.00            0.09
     357     13940.00            0.11
     358     13950.00            0.04
     359     13960.00            0.03
     360     13970.00            0.05
     361     13980.00            0.07
     362     13990.00            0.07
     363     14000.00            0.03
     364     14010.00            0.03
     365     14020.00            0.08
     366     14030.00            0.10
     367     14040.00            0.07
     368     14050.00            0.03
     369     14060.00            0.05
     370     14070.00            0.02
     371     14080.00            0.01
     372     14090.00            0.00
     373     14100.00            0.00
     374     14110.00            0.01
     375     14120.00            0.04
     376     14130.00            0.06
     377     14140.00            0.04
     378     14150.00            0.03
     379     14160.00            0.04
     380     14170.00            0.02
     381     14180.00            0.00
     382     14210.00            0.00
     383     14220.00            0.10
     384     14230.00            0.04
     385     14240.00            0.00
     386     14260.00            0.00
     387     14270.00            0.03
     388     14280.00            0.07
     389     14290.00            0.07
     390     14300.00            0.07
     391     14310.00            0.07
     392     14320.00            0.06
     393     14330.00            0.04
     394     14340.00            0.00
     395     14360.00            0.00
     396     14370.00            0.05
     397     14380.00            0.08
     398     14390.00            0.03
     399     14400.00            0.00
     400     14430.00            0.00
     401     14440.00            0.08
     402     14450.00            0.04
     403     14460.00            0.01
     404     14470.00            0.02
     405     14480.00            0.02
     406     14490.00            0.00
     407     14510.00            0.00
     408     14520.00            0.01
     409     14530.00            0.05
     410     14540.00            0.09
     411     14550.00            0.03
     412     14560.00            0.00
     413     14570.00            0.00
     414     14580.00            0.04
     415     14590.00            0.03
     416     14600.00            0.02
     417     14610.00            0.02
     418     14620.00            0.01
     419     14630.00            0.00
     420     14680.00            0.00
     421     14690.00            0.01
     422     14700.00            0.03
     423     14710.00            0.00
     424     14780.00            0.00
     425     14790.00            0.02
     426     14800.00            0.03
     427     14810.00            0.05
     428     14820.00            0.07
     429     14830.00            0.05
     430     14840.00            0.01
     431     14850.00            0.06
     432     14860.00            0.12
     433     14870.00            0.04
     434     14880.00            0.00
     435     14960.00            0.00
     436     14970.00            0.02
     437     14980.00            0.05
     438     14990.00            0.00
     439     16750.00            0.00
     440     16760.00            0.01
     441     16770.00            0.01
     442     16780.00            0.01
     443     16790.00            0.01
     444     16800.00            0.01
     445     16810.00            0.02
     446     16820.00            0.02
     447     16830.00            0.02
     448     16840.00            0.02
     449     16850.00            0.02
     450     16860.00            0.02
     451     16870.00            0.02
     452     16880.00            0.02
     453     16890.00            0.02
     454     16900.00            0.02
     455     16910.00            0.02
     456     16920.00            0.02
     457     16930.00            0.02
     458     16940.00            0.02
     459     16950.00            0.02
     460     16960.00            0.01
     461     16970.00            0.01
     462     16980.00            0.01
     463     16990.00            0.01
     464     17000.00            0.01
     465     17010.00            0.01
     466     17020.00            0.00
     467     25094.10            0.00
     468     25125.60            0.03
     469     25157.20            0.00
     470     32000.00            0.00