1	3000	8.2373e-06
2	3010	1.05835e-05
3	3020	1.30958e-05
4	3030	1.03889e-05
5	3040	1.08156e-05
6	3050	1.14917e-05
7	3060	1.12372e-05
8	3070	1.0075e-05
9	3080	1.29587e-05
10	3090	1.05287e-05
11	3100	1.10656e-05
12	3110	1.16146e-05
13	3120	9.5611e-06
14	3130	1.11751e-05
15	3140	8.9938e-06
16	3150	1.08569e-05
17	3160	8.2586e-06
18	3170	9.6553e-06
19	3180	9.5659e-06
20	3190	8.6299e-06
21	3200	9.8551e-06
22	3210	9.5817e-06
23	3220	7.6383e-06
24	3230	8.736e-06
25	3240	1.01095e-05
26	3250	9.495e-06
27	3260	1.02636e-05
28	3270	1.03958e-05
29	3280	8.579e-06
30	3290	8.4925e-06
31	3300	9.5538e-06
32	3310	9.8186e-06
33	3320	1.17095e-05
34	3330	1.09008e-05
35	3340	9.6287e-06
36	3350	1.16544e-05
37	3360	9.7093e-06
38	3370	1.09049e-05
39	3380	1.12035e-05
40	3390	9.2671e-06
41	3400	1.03101e-05
42	3410	1.10515e-05
43	3420	8.508e-06
44	3430	9.2355e-06
45	3440	9.5603e-06
46	3450	9.1148e-06
47	3460	9.7622e-06
48	3470	9.9846e-06
49	3480	9.1137e-06
50	3490	1.9845e-06
51	3500	9.5454e-06
52	3510	1.15923e-05
53	3520	1.24898e-05
54	3530	1.13666e-05
55	3540	7.9267e-06
56	3550	9.0492e-06
57	3560	9.9786e-06
58	3570	1.01938e-05
59	3580	1.25419e-05
60	3590	8.8854e-06
61	3600	1.07597e-05
62	3610	1.00115e-05
63	3620	1.08732e-05
64	3630	1.00281e-05
65	3640	9.4039e-06
66	3650	9.6792e-06
67	3660	9.6552e-06
68	3670	9.6695e-06
69	3680	8.718e-06
70	3690	1.016e-05
71	3700	1.04295e-05
72	3710	1.04264e-05
73	3720	8.3364e-06
74	3730	1.11626e-05
75	3740	9.7879e-06
76	3750	1.0734e-05
77	3760	9.9782e-06
78	3770	1.03053e-05
79	3780	9.3661e-06
80	3790	7.6629e-06
81	3800	1.0379e-05
82	3810	1.0838e-05
83	3820	1.12166e-05
84	3830	9.7768e-06
85	3840	1.45383e-05
86	3850	2.43302e-05
87	3860	3.67021e-05
88	3870	4.58996e-05
89	3880	6.46509e-05
90	3890	0.0001149685
91	3900	0.0002877554
92	3910	0.0010569174
93	3920	0.00355169
94	3930	0.0100564969
95	3940	0.0292234802
96	3950	0.1002316241
97	3960	0.1955565517
98	3970	0.3297045517
99	3980	0.4730148276
100	3990	0.6094654483
101	4000	0.7308908276
102	4010	0.812077
103	4020	0.8491604483
104	4030	0.8603278276
105	4040	0.8688612759
106	4050	0.8726447586
107	4060	0.8749566207
108	4070	0.8770112759
109	4080	0.8786204483
110	4090	0.8793568621
111	4100	0.879669931
112	4110	0.8799443793
113	4120	0.8792328621
114	4130	0.8776637931
115	4140	0.8768468966
116	4150	0.8786452414
117	4160	0.8814412759
118	4170	0.8841967241
119	4180	0.8872662414
120	4190	0.8898606897
121	4200	0.890240069
122	4210	0.8884661034
123	4220	0.8870791724
124	4230	0.8863393103
125	4240	0.8863782414
126	4250	0.8875926207
127	4260	0.8901743448
128	4270	0.8923626552
129	4280	0.8937482069
130	4290	0.8952267931
131	4300	0.8969563793
132	4310	0.8978473103
133	4320	0.8971944483
134	4330	0.8966303103
135	4340	0.8964353448
136	4350	0.8962855172
137	4360	0.8962520345
138	4370	0.8974268966
139	4380	0.8999773103
140	4390	0.9025821379
141	4400	0.9048555862
142	4410	0.9070656207
143	4420	0.9093452759
144	4430	0.9108799655
145	4440	0.9112642069
146	4450	0.9111236207
147	4460	0.9109028621
148	4470	0.9105067931
149	4480	0.9097112414
150	4490	0.9089564138
151	4500	0.9086694138
152	4510	0.9089437931
153	4520	0.9096256207
154	4530	0.9105039655
155	4540	0.9113614138
156	4550	0.9115906207
157	4560	0.9109277931
158	4570	0.9097605862
159	4580	0.9088653793
160	4590	0.9085872414
161	4600	0.9090515862
162	4610	0.9101503103
163	4620	0.9116162759
164	4630	0.9130620345
165	4640	0.9140290345
166	4650	0.9143215517
167	4660	0.9138931034
168	4670	0.9126862759
169	4680	0.9107275517
170	4690	0.9082714828
171	4700	0.9059416897
172	4710	0.9045363448
173	4720	0.9042982069
174	4730	0.9051873793
175	4740	0.9069572069
176	4750	0.9089704483
177	4760	0.9107421379
178	4770	0.9116083103
179	4780	0.9114034483
180	4790	0.9105272759
181	4800	0.909623
182	4810	0.9089357586
183	4820	0.9084139655
184	4830	0.9077604138
185	4840	0.9067296207
186	4850	0.9053666897
187	4860	0.9039465172
188	4870	0.9030919655
189	4880	0.9034268621
190	4890	0.9051257586
191	4900	0.9076255172
192	4910	0.9095983793
193	4920	0.9098217241
194	4930	0.9081685517
195	4940	0.9053397241
196	4950	0.9024956207
197	4960	0.9008236207
198	4970	0.9010976207
199	4980	0.9030010345
200	4990	0.9056425862
201	5000	0.9079928276
202	5010	0.909337931
203	5020	0.9097737931
204	5030	0.9098694138
205	5040	0.9099912069
206	5050	0.9102797586
207	5060	0.9106998276
208	5070	0.9110912414
209	5080	0.9112926207
210	5090	0.9110874828
211	5100	0.9101865172
212	5110	0.9083905517
213	5120	0.9058448621
214	5130	0.9032511724
215	5140	0.9016713793
216	5150	0.9017557586
217	5160	0.9034006552
218	5170	0.9057765172
219	5180	0.9078035172
220	5190	0.9089528621
221	5200	0.9093276897
222	5210	0.9094543103
223	5220	0.9099393448
224	5230	0.9111501379
225	5240	0.9128736207
226	5250	0.9146653448
227	5260	0.9159938276
228	5270	0.916465
229	5280	0.9161121034
230	5290	0.9152126552
231	5300	0.9141046897
232	5310	0.9130928276
233	5320	0.9123495862
234	5330	0.9118558276
235	5340	0.9117791034
236	5350	0.9121118276
237	5360	0.9122180345
238	5370	0.9109017931
239	5380	0.9068825862
240	5390	0.9003992414
241	5400	0.8933193448
242	5410	0.8877675862
243	5420	0.885078931
244	5430	0.8842254138
245	5440	0.8778867586
246	5450	0.8420556552
247	5460	0.7608444138
248	5470	0.6366705862
249	5480	0.4893305172
250	5490	0.3356917241
251	5500	0.1997440345
252	5510	0.1040014862
253	5520	0.0528181483
254	5530	0.0304963931
255	5540	0.0199418862
256	5550	0.0147255379
257	5560	0.0006147254
258	5570	0.0003459481
259	5580	0.000215848
260	5590	0.0001479393
261	5600	0.0001078282
262	5610	8.00601e-05
263	5620	5.67709e-05
264	5630	3.9776e-05
265	5640	2.51106e-05
266	5650	1.575e-05
267	5660	1.26987e-05
268	5670	7.8902e-06
269	5680	7.5385e-06
270	5690	5.677e-06
271	5700	7.1679e-06
272	5710	6.1423e-06
273	5720	6.527e-06
274	5730	5.575e-06
275	5740	3.8861e-06
276	5750	3.8132e-06
277	5760	5.1583e-06
278	5770	1.4974e-06
279	5780	2.2873e-06
280	5790	2.2604e-06
281	5800	2.9435e-06
282	5810	2.6869e-06
283	5820	2.3575e-06
284	5830	1.8236e-06
285	5840	1.3216e-06
286	5850	3.2242e-06
287	5860	2.6794e-06
288	5870	3.6181e-06
289	5880	1.1542e-06
290	5890	3.3053e-06
291	5900	1.3898e-06
292	5910	1.6005e-06
293	5920	2.4523e-06
294	5930	3.4296e-06
295	5940	1.8039e-06
296	5950	2.6412e-06
297	5960	1.1218e-06
298	5970	2.5558e-06
299	5980	1.8682e-06
300	5990	-5.99e-07
301	6000	-2.92e-08
302	6010	9.06e-07
303	6020	9.49e-07
304	6030	-6.12e-07
305	6040	5.26e-07
306	6050	1.0725e-06
307	6060	-2.22e-07
308	6070	1.7958e-06
309	6080	1.9946e-06
310	6090	1.8261e-06
311	6100	2.5259e-06
312	6110	2.1653e-06
313	6120	1.2324e-06
314	6130	8.75e-07
315	6140	6.46e-07
316	6150	1.9686e-06
317	6160	-1.32e-07
318	6170	-4.2e-09
319	6180	1.3299e-06
320	6190	6.32e-07
321	6200	1.3862e-06
322	6210	7.31e-07
323	6220	5.81e-07
324	6230	1.7849e-06
325	6240	4.3e-07
326	6250	9.44e-07
327	6260	2.07e-07
328	6270	6.29e-07
329	6280	8.55e-08
330	6290	1.2618e-06
331	6300	4.58e-07
332	6310	-1.84e-07
333	6320	7.04e-07
334	6330	-3.55e-07
335	6340	1.2258e-06
336	6350	1.1675e-06
337	6360	-2.41e-07
338	6370	-3.3e-07
339	6380	6.69e-07
340	6390	-7.96e-07
341	6400	1.2517e-06
342	6410	7.37e-08
343	6420	-6.34e-07
344	6430	-2.1007e-06
345	6440	-2.89e-07
346	6450	3.43e-07
347	6460	7.7e-07
348	6470	-5.72e-07
349	6480	1.0901e-06
350	6490	9.35e-07
351	6500	1.914e-06
352	6510	-4.3e-07
353	6520	1.09e-07
354	6530	2.26e-07
355	6540	2.46e-07
356	6550	-3.67e-07
357	6560	4.5e-09
358	6570	1.4176e-06
359	6580	1.3864e-06
360	6590	2.27e-07
361	6600	7.89e-07
362	6610	-6.48e-08
363	6620	1.3e-07
364	6630	-2.77e-08
365	6640	-1.0395e-06
366	6650	-3.83e-07
367	6660	-1.0014e-06
368	6670	-7.36e-07
369	6680	-6.91e-07
370	6690	-1.0248e-06
371	6700	-4.45e-07
372	6710	1.74e-07
373	6720	1.4e-07
374	6730	-1.93e-07
375	6740	-1.52e-07
376	6750	-1.0917e-06
377	6760	-1.1342e-06
378	6770	5.19e-08
379	6780	2.23e-07
380	6790	1.0882e-06
381	6800	8.11e-07
382	6810	1.3911e-06
383	6820	2.68e-07
384	6830	-3.6e-07
385	6840	6.63e-07
386	6850	-6.32e-07
387	6860	-5.03e-07
388	6870	4.46e-07
389	6880	3.09316e-05
390	6890	0.0001131414
391	6900	0.0001296091
392	6910	4.61593e-05
393	6920	-4.89e-07
394	6930	6.97e-07
395	6940	1.5275e-06
396	6950	-1.82e-07
397	6960	2.8242e-06
398	6970	6.1815e-06
399	6980	4.9621e-06
400	6990	1.8329e-06
401	7000	2.392e-06
402	7010	2.87e-07
403	7020	5.9e-07
404	7030	2.2531e-06
405	7040	3.43e-08
406	7050	2.0518e-06
407	7060	1.3312e-06
408	7070	-6.8e-08
409	7080	1.72e-08
410	7090	1.6543e-06
411	7100	9.31e-07
412	7110	2.63e-07
413	7120	2.1713e-06
414	7130	4.57e-07
415	7140	8.22e-08
416	7150	7.94e-07
417	7160	8.84e-07
418	7170	4.89e-07
419	7180	3.18e-07
420	7190	-8.5e-07
421	7200	-1.66e-07
422	7210	3.47e-07
423	7220	1.1634e-06
424	7230	1.346e-06
425	7240	6.46e-08
426	7250	4.09e-07
427	7260	1.8613e-06
428	7270	2.15e-07
429	7280	1.7796e-06
430	7290	2.6967e-06
431	7300	1.9308e-06
432	7310	2.7773e-06
433	7320	2.0721e-06
434	7330	-3.86e-07
435	7340	-2.5406e-06
436	7350	1.5682e-06
437	7360	-5.26e-07
438	7370	-7.06e-07
439	7380	1.316e-06
440	7390	-1.48e-08
441	7400	1.7896e-06
442	7410	2.6819e-06
443	7420	2.9108e-06
444	7430	4.6614e-06
445	7440	5.7101e-06
446	7450	2.0662e-06
447	7460	5.09e-07
448	7470	1.2945e-06
449	7480	1.45e-07
450	7490	4.76e-07
451	7500	5.04e-07
452	7510	-2.73e-07
453	7520	-2.7316e-06
454	7530	-2.1699e-06
455	7540	-2.04e-07
456	7550	-3.43e-07
457	7560	-1.3934e-06
458	7570	-1.434e-06
459	7580	-2.81e-07
460	7590	-4.69e-07
461	7600	2.0225e-06
462	7610	-6.66e-07
463	7620	-1.7402e-06
464	7630	4.7e-07
465	7640	1.49e-07
466	7650	-4.45e-07
467	7660	-5.68e-07
468	7670	1.9534e-06
469	7680	1.41e-07
470	7690	-1.1177e-06
471	7700	1.3743e-06
472	7710	-4.22e-07
473	7720	-7.73e-07
474	7730	-5.84e-07
475	7740	4.07e-07
476	7750	-1.0507e-06
477	7760	-6.04e-07
478	7770	6.79e-07
479	7780	8.93e-07
480	7790	-1.47e-07
481	7800	5.03e-07
482	7810	5.62e-07
483	7820	1.5182e-06
484	7830	8.12e-07
485	7840	-1.14e-07
486	7850	1.3589e-06
487	7860	-6.25e-07
488	7870	-5.52e-07
489	7880	4.24e-07
490	7890	2.2114e-06
491	7900	-7.97e-07
492	7910	-2.71e-07
493	7920	-8.38e-07
494	7930	-6.7e-07
495	7940	4.88e-07
496	7950	-1.2277e-06
497	7960	-9.89e-07
498	7970	-6.3e-07
499	7980	-1.01e-07
500	7990	-9.31e-07
501	8000	9.48e-07
502	8010	3.8349e-06
503	8020	5.5484e-06
504	8030	9.2213e-06
505	8040	1.44929e-05
506	8050	1.71734e-05
507	8060	1.78339e-05
508	8070	1.64422e-05
509	8080	1.57447e-05
510	8090	1.33542e-05
511	8100	1.23051e-05
512	8110	1.17913e-05
513	8120	1.16192e-05
514	8130	8.8447e-06
515	8140	7.431e-06
516	8150	7.8046e-06
517	8160	5.0521e-06
518	8170	4.986e-06
519	8180	6.8986e-06
520	8190	4.3321e-06
521	8200	4.9628e-06
522	8210	5.0343e-06
523	8220	6.5599e-06
524	8230	7.2475e-06
525	8240	7.6571e-06
526	8250	9.0493e-06
527	8260	9.9201e-06
528	8270	1.0199e-05
529	8280	1.13933e-05
530	8290	1.55385e-05
531	8300	1.35663e-05
532	8310	1.49872e-05
533	8320	1.26977e-05
534	8330	1.36221e-05
535	8340	8.8004e-06
536	8350	7.8247e-06
537	8360	5.2245e-06
538	8370	6.5414e-06
539	8380	1.7732e-06
540	8390	4.6685e-06
541	8400	3.5152e-06
542	8410	1.7068e-06
543	8420	5.691e-06
544	8430	4.8067e-06
545	8440	1.7672e-06
546	8450	3.5045e-06
547	8460	2.0871e-06
548	8470	3.42e-06
549	8480	4.3365e-06
550	8490	4.2458e-06
551	8500	2.9622e-06
552	8510	5.8267e-06
553	8520	5.2984e-06
554	8530	6.9884e-06
555	8540	4.3542e-06
556	8550	9.3665e-06
557	8560	9.5519e-06
558	8570	8.9672e-06
559	8580	1.074e-05
560	8590	5.846e-06
561	8600	6.1237e-06
562	8610	6.5584e-06
563	8620	4.1703e-06
564	8630	5.6428e-06
565	8640	4.2353e-06
566	8650	2.0484e-06
567	8660	5.9624e-06
568	8670	4.3505e-06
569	8680	4.2608e-06
570	8690	4.1023e-06
571	8700	2.8645e-06
572	8710	4.2577e-06
573	8720	9.75e-07
574	8730	5.0875e-06
575	8740	1.499e-06
576	8750	4.9434e-06
577	8760	3.933e-06
578	8770	7.4694e-06
579	8780	6.6559e-06
580	8790	7.7784e-06
581	8800	5.4172e-06
582	8810	1.14209e-05
583	8820	1.30439e-05
584	8830	1.33513e-05
585	8840	9.8568e-06
586	8850	8.5798e-06
587	8860	2.6441e-06
588	8870	5.9148e-06
589	8880	2.1846e-06
590	8890	2.3551e-06
591	8900	6.1001e-06
592	8910	-6e-08
593	8920	8.1141e-06
594	8930	1.9613e-06
595	8940	5.8031e-06
596	8950	3.1434e-06
597	8960	3.0318e-06
598	8970	4.4719e-06
599	8980	1.2466e-06
600	8990	-1.80386e-05
601	9000	1.8475e-05
602	9010	2.29857e-05
603	9020	3.30507e-05
604	9030	3.19275e-05
605	9040	1.96643e-05
606	9050	1.76426e-05
607	9060	1.15514e-05
608	9070	1.33001e-05
609	9080	1.44574e-05
610	9090	7.9988e-06
611	9100	8.9392e-06
612	9110	1.20785e-05
613	9120	1.21119e-05
614	9130	2.0613e-05
615	9140	1.40142e-05
616	9150	1.12833e-05
617	9160	9.5759e-06
618	9170	1.07442e-05
619	9180	8.9767e-06
620	9190	1.34413e-05
621	9200	8.7708e-06
622	9210	1.00631e-05
623	9220	6.852e-06
624	9230	7.8217e-06
625	9240	6.5177e-06
626	9250	9.37e-06
627	9260	7.92e-07
628	9270	8.6704e-06
629	9280	3.9848e-06
630	9290	9.1328e-06
631	9300	1.05055e-05
632	9310	9.2674e-06
633	9320	4.7224e-06
634	9330	9.9577e-06
635	9340	5.3075e-06
636	9350	8.6927e-06
637	9360	-8.49e-07
638	9370	6.6617e-06
639	9380	4.9593e-06
640	9390	1.02918e-05
641	9400	7.779e-06
642	9410	1.2006e-05
643	9420	5.6525e-06
644	9430	9.4719e-06
645	9440	1.62133e-05
646	9450	1.54225e-05
647	9460	2.78398e-05
648	9470	2.02726e-05
649	9480	1.63357e-05
650	9490	1.37161e-05
651	9500	1.41901e-05
652	9510	1.6261e-06
653	9520	1.7833e-06
654	9530	4.9698e-06
655	9540	1.444e-05
656	9550	1.71872e-05
657	9560	7.5711e-06
658	9570	7.3579e-06
659	9580	1.42002e-05
660	9590	3.6759e-06
661	9600	8.8402e-06
662	9610	1.26223e-05
663	9620	3.1049e-06
664	9630	7.7981e-06
665	9640	1.46052e-05
666	9650	1.19595e-05
667	9660	1.72628e-05
668	9670	1.87973e-05
669	9680	4.2165e-06
670	9690	1.77863e-05
671	9700	1.73295e-05
672	9710	1.71608e-05
673	9720	1.7246e-05
674	9730	1.57912e-05
675	9740	1.38921e-05
676	9750	1.02072e-05
677	9760	1.50548e-05
678	9770	4.6782e-06
679	9780	8.0607e-06
680	9790	9.2056e-06
681	9800	8.6349e-06
682	9810	1.23099e-05
683	9820	7.9894e-06
684	9830	7.8778e-06
685	9840	1.94054e-05
686	9850	1.233e-05
687	9860	7.1051e-06
688	9870	1.09834e-05
689	9880	3.8396e-06
690	9890	5.4383e-06
691	9900	1.21879e-05
692	9910	4.3213e-06
693	9920	8.9691e-06
694	9930	1.19006e-05
695	9940	3.4147e-06
696	9950	6.8879e-06
697	9960	1.2933e-05
698	9970	1.22161e-05
699	9980	6.464e-06
700	9990	8.7482e-06
701	10000	9.7363e-06
702	10010	-4.9777e-06
703	10020	6.0389e-06
704	10030	3.4142e-06
705	10040	4.101e-06
706	10050	6.3227e-06
707	10060	9.3789e-06
708	10070	4.9957e-06
709	10080	3.4247e-06
710	10090	5.5224e-06
711	10100	8.7815e-06
712	10110	8.6281e-06
713	10120	5.3282e-06
714	10130	1.10103e-05
715	10140	1.14304e-05
716	10150	8.9985e-06
717	10160	3.9908e-06
718	10170	1.46333e-05
719	10180	1.15553e-05
720	10190	2.37882e-05
721	10200	4.1077e-06
722	10210	8.2944e-06
723	10220	4.0131e-06
724	10230	1.30163e-05
725	10240	1.10258e-05
726	10250	9.9743e-06
727	10260	1.20448e-05
728	10270	8.1522e-06
729	10280	1.1554e-05
730	10290	1.5735e-05
731	10300	8.1132e-06
732	10310	1.303e-05
733	10320	3.9844e-06
734	10330	1.08756e-05
735	10340	5.4758e-06
736	10350	3.8959e-06
737	10360	4.0437e-06
738	10370	1.1014e-06
739	10380	1.06178e-05
740	10390	7.8002e-06
741	10400	1.14047e-05
742	10410	8.8553e-06
743	10420	6.5715e-06
744	10430	1.00206e-05
745	10440	1.1012e-05
746	10450	1.14208e-05
747	10460	8.856e-06
748	10470	7.8354e-06
749	10480	1.021e-06
750	10490	6.9146e-06
751	10500	1.14457e-05
752	10510	2.9477e-06
753	10520	1.0988e-06
754	10530	6.7977e-06
755	10540	5.9652e-06
756	10550	1.27094e-05
757	10560	1.06778e-05
758	10570	1.07011e-05
759	10580	1.55073e-05
760	10590	1.77834e-05
761	10600	1.10578e-05
762	10610	1.68599e-05
763	10620	1.87776e-05
764	10630	1.90912e-05
765	10640	2.15277e-05
766	10650	1.67423e-05
767	10660	1.704e-05
768	10670	1.4682e-05
769	10680	1.80463e-05
770	10690	1.32913e-05
771	10700	1.62379e-05
772	10710	1.67102e-05
773	10720	1.71086e-05
774	10730	1.59374e-05
775	10740	1.38923e-05
776	10750	1.44415e-05
777	10760	1.8252e-06
778	10770	1.11093e-05
779	10780	1.23161e-05
780	10790	7.0671e-06
781	10800	1.6106e-05
782	10810	1.00757e-05
783	10820	1.36045e-05
784	10830	6.9134e-06
785	10840	1.27203e-05
786	10850	8.9918e-06
787	10860	1.16609e-05
788	10870	1.44153e-05
789	10880	5.3907e-06
790	10890	1.69103e-05
791	10900	4.7808e-06
792	10910	1.15179e-05
793	10920	2.39823e-05
794	10930	1.444e-05
795	10940	1.01636e-05
796	10950	1.93852e-05
797	10960	1.72939e-05
798	10970	1.09917e-05
799	10980	2.4647e-05
800	10990	2.15096e-05
801	11000	2.70941e-05
