       1      5010.00            0.00
       2      8550.00            0.00
       3      8560.00            0.01
       4      8570.00            0.01
       5      8580.00            0.01
       6      8590.00            0.01
       7      8600.00            0.00
       8     11190.00            0.00
       9     11200.00            0.01
      10     11210.00            0.01
      11     11220.00            0.01
      12     11230.00            0.01
      13     11240.00            0.01
      14     11250.00            0.01
      15     11260.00            0.01
      16     11270.00            0.01
      17     11280.00            0.01
      18     11290.00            0.02
      19     11300.00            0.02
      20     11310.00            0.03
      21     11320.00            0.03
      22     11330.00            0.03
      23     11340.00            0.03
      24     11350.00            0.03
      25     11360.00            0.04
      26     11370.00            0.05
      27     11380.00            0.05
      28     11390.00            0.06
      29     11400.00            0.06
      30     11410.00            0.07
      31     11420.00            0.08
      32     11430.00            0.09
      33     11440.00            0.09
      34     11450.00            0.10
      35     11460.00            0.11
      36     11470.00            0.11
      37     11480.00            0.14
      38     11490.00            0.16
      39     11500.00            0.17
      40     11510.00            0.20
      41     11520.00            0.21
      42     11530.00            0.23
      43     11540.00            0.26
      44     11550.00            0.29
      45     11560.00            0.31
      46     11570.00            0.34
      47     11580.00            0.35
      48     11590.00            0.36
      49     11600.00            0.37
      50     11610.00            0.38
      51     11620.00            0.38
      52     11630.00            0.38
      53     11640.00            0.37
      54     11650.00            0.36
      55     11660.00            0.35
      56     11670.00            0.34
      57     11680.00            0.32
      58     11690.00            0.31
      59     11700.00            0.30
      60     11710.00            0.28
      61     11720.00            0.27
      62     11730.00            0.26
      63     11740.00            0.25
      64     11750.00            0.25
      65     11760.00            0.24
      66     11770.00            0.24
      67     11780.00            0.24
      68     11790.00            0.24
      69     11800.00            0.24
      70     11810.00            0.25
      71     11820.00            0.25
      72     11830.00            0.27
      73     11840.00            0.28
      74     11850.00            0.30
      75     11860.00            0.32
      76     11870.00            0.34
      77     11880.00            0.36
      78     11890.00            0.38
      79     11900.00            0.40
      80     11910.00            0.42
      81     11920.00            0.42
      82     11930.00            0.42
      83     11940.00            0.41
      84     11950.00            0.39
      85     11960.00            0.36
      86     11970.00            0.33
      87     11980.00            0.29
      88     11990.00            0.25
      89     12000.00            0.21
      90     12010.00            0.17
      91     12020.00            0.14
      92     12030.00            0.11
      93     12040.00            0.09
      94     12050.00            0.07
      95     12060.00            0.06
      96     12070.00            0.04
      97     12080.00            0.04
      98     12090.00            0.03
      99     12100.00            0.02
     100     12110.00            0.02
     101     12120.00            0.02
     102     12130.00            0.01
     103     12140.00            0.01
     104     12150.00            0.01
     105     12160.00            0.01
     106     12170.00            0.01
     107     12180.00            0.00
     108     18000.00            0.00
     109     18010.00            0.04
     110     18020.00            0.02
     111     18030.00            0.00
     112     18060.00            0.00
     113     18070.00            0.02
     114     18080.00            0.02
     115     18090.00            0.00
     116     18120.00            0.00
     117     18130.00            0.02
     118     18140.00            0.04
     119     18150.00            0.00
     120     18160.00            0.01
     121     18170.00            0.02
     122     18180.00            0.00
     123     18210.00            0.00
     124     18220.00            0.02
     125     18230.00            0.06
     126     18240.00            0.00
     127     18270.00            0.00
     128     18280.00            0.04
     129     18290.00            0.00
     130     18310.00            0.00
     131     18320.00            0.01
     132     18330.00            0.00
     133     18380.00            0.00
     134     18390.00            0.02
     135     18400.00            0.00
     136     18410.00            0.01
     137     18420.00            0.00
     138     18430.00            0.00
     139     18440.00            0.02
     140     18450.00            0.09
     141     18460.00            0.02
     142     18470.00            0.00
     143     18490.00            0.00
     144     18500.00            0.03
     145     18510.00            0.04
     146     18520.00            0.05
     147     18530.00            0.00
     148     18540.00            0.00
     149     18550.00            0.02
     150     18560.00            0.04
     151     18570.00            0.00
     152     18580.00            0.00
     153     18590.00            0.01
     154     18600.00            0.00
     155     18630.00            0.00
     156     18640.00            0.04
     157     18650.00            0.01
     158     18660.00            0.04
     159     18670.00            0.05
     160     18680.00            0.00
     161     18760.00            0.00
     162     18770.00            0.01
     163     18780.00            0.06
     164     18790.00            0.04
     165     18800.00            0.00
     166     18810.00            0.00
     167     18820.00            0.03
     168     18830.00            0.02
     169     18840.00            0.02
     170     18850.00            0.03
     171     18860.00            0.01
     172     18870.00            0.04
     173     18880.00            0.09
     174     18890.00            0.04
     175     18900.00            0.01
     176     18910.00            0.00
     177     18920.00            0.02
     178     18930.00            0.04
     179     18940.00            0.07
     180     18950.00            0.09
     181     18960.00            0.06
     182     18970.00            0.06
     183     18980.00            0.00
     184     18990.00            0.02
     185     19000.00            0.02
     186     19010.00            0.06
     187     19020.00            0.10
     188     19030.00            0.03
     189     19040.00            0.08
     190     19050.00            0.03
     191     19060.00            0.01
     192     19070.00            0.00
     193     19080.00            0.05
     194     19090.00            0.07
     195     19100.00            0.09
     196     19110.00            0.06
     197     19120.00            0.07
     198     19130.00            0.03
     199     19140.00            0.02
     200     19150.00            0.10
     201     19160.00            0.11
     202     19170.00            0.12
     203     19180.00            0.24
     204     19190.00            0.20
     205     19200.00            0.04
     206     19210.00            0.07
     207     19220.00            0.28
     208     19230.00            0.25
     209     19240.00            0.16
     210     19250.00            0.37
     211     19260.00            0.38
     212     19270.00            0.20
     213     19280.00            0.35
     214     19290.00            0.41
     215     19300.00            0.50
     216     19310.00            0.33
     217     19320.00            0.49
     218     19330.00            0.57
     219     19340.00            0.50
     220     19350.00            0.72
     221     19360.00            0.69
     222     19370.00            0.71
     223     19380.00            0.72
     224     19390.00            0.78
     225     19400.00            0.90
     226     19410.00            0.98
     227     19420.00            1.06
     228     19430.00            1.18
     229     19440.00            1.14
     230     19450.00            1.12
     231     19460.00            1.53
     232     19470.00            1.54
     233     19480.00            1.53
     234     19490.00            1.66
     235     19500.00            1.89
     236     19510.00            1.98
     237     19520.00            2.03
     238     19530.00            1.84
     239     19540.00            1.87
     240     19550.00            1.87
     241     19560.00            1.89
     242     19570.00            2.08
     243     19580.00            2.29
     244     19590.00            2.47
     245     19600.00            3.36
     246     19610.00            3.88
     247     19620.00            4.18
     248     19630.00            3.89
     249     19640.00            4.20
     250     19650.00            4.57
     251     19660.00            5.04
     252     19670.00            5.76
     253     19680.00            6.12
     254     19690.00            6.91
     255     19700.00            7.57
     256     19710.00            8.23
     257     19720.00            8.74
     258     19730.00           10.24
     259     19740.00           10.80
     260     19750.00           12.16
     261     19760.00           13.35
     262     19770.00           14.84
     263     19780.00           16.04
     264     19790.00           17.15
     265     19800.00           15.71
     266     19810.00           19.25
     267     19820.00           21.41
     268     19830.00           22.42
     269     19840.00           24.67
     270     19850.00           25.16
     271     19860.00           27.48
     272     19870.00           26.82
     273     19880.00           30.87
     274     19890.00           33.56
     275     19900.00           32.66
     276     19910.00           36.47
     277     19920.00           39.11
     278     19930.00           41.16
     279     19940.00           42.47
     280     19950.00           43.99
     281     19960.00           45.16
     282     19970.00           43.98
     283     19980.00           40.21
     284     19990.00           38.57
     285     20000.00           34.67
     286     20010.00           31.56
     287     20020.00           28.89
     288     20030.00           26.17
     289     20040.00           27.31
     290     20050.00           26.65
     291     20060.00           28.48
     292     20070.00           34.72
     293     20080.00           39.92
     294     20090.00           50.01
     295     20100.00           41.34
     296     20110.00           37.51
     297     20120.00           37.58
     298     20130.00           37.64
     299     20140.00           39.56
     300     20150.00           40.93
     301     20160.00           42.29
     302     20170.00           44.43
     303     20180.00           45.73
     304     20190.00           49.35
     305     20200.00           53.36
     306     20210.00           54.80
     307     20220.00           58.77
     308     20230.00           61.14
     309     20240.00           62.89
     310     20250.00           66.26
     311     20260.00           67.07
     312     20270.00           69.40
     313     20280.00           69.81
     314     20290.00           69.98
     315     20300.00           72.52
     316     20310.00           71.77
     317     20320.00           71.98
     318     20330.00           72.50
     319     20340.00           71.57
     320     20350.00           72.72
     321     20360.00           72.47
     322     20370.00           71.66
     323     20380.00           73.03
     324     20390.00           71.76
     325     20400.00           71.17
     326     20410.00           71.75
     327     20420.00           70.68
     328     20430.00           72.10
     329     20440.00           71.71
     330     20450.00           71.80
     331     20460.00           73.26
     332     20470.00           70.46
     333     20480.00           68.47
     334     20490.00           66.13
     335     20500.00           62.38
     336     20510.00           61.24
     337     20520.00           58.51
     338     20530.00           56.91
     339     20540.00           56.00
     340     20550.00           55.01
     341     20560.00           55.62
     342     20570.00           56.93
     343     20580.00           58.90
     344     20590.00           63.73
     345     20600.00           70.36
     346     20610.00           67.56
     347     20620.00           63.95
     348     20630.00           61.14
     349     20640.00           60.52
     350     20650.00           61.35
     351     20660.00           60.90
     352     20670.00           62.53
     353     20680.00           64.20
     354     20690.00           64.69
     355     20700.00           66.91
     356     20710.00           68.10
     357     20720.00           69.10
     358     20730.00           71.41
     359     20740.00           71.69
     360     20750.00           72.80
     361     20760.00           74.82
     362     20770.00           74.93
     363     20780.00           76.37
     364     20790.00           78.17
     365     20800.00           77.86
     366     20810.00           78.85
     367     20820.00           77.95
     368     20830.00           77.38
     369     20840.00           78.27
     370     20850.00           77.26
     371     20860.00           78.23
     372     20870.00           79.31
     373     20880.00           78.51
     374     20890.00           79.34
     375     20900.00           79.64
     376     20910.00           79.25
     377     20920.00           80.51
     378     20930.00           80.40
     379     20940.00           79.55
     380     20950.00           81.45
     381     20960.00           81.15
     382     20970.00           80.86
     383     20980.00           81.68
     384     20990.00           80.34
     385     21000.00           81.04
     386     21010.00           81.73
     387     21020.00           80.58
     388     21030.00           81.92
     389     21040.00           82.34
     390     21050.00           81.36
     391     21060.00           82.12
     392     21070.00           82.09
     393     21080.00           81.38
     394     21090.00           82.64
     395     21100.00           82.17
     396     21110.00           81.52
     397     21120.00           82.22
     398     21130.00           82.03
     399     21140.00           82.17
     400     21150.00           82.98
     401     21160.00           82.08
     402     21170.00           82.46
     403     21180.00           82.75
     404     21190.00           81.41
     405     21200.00           82.40
     406     21210.00           83.13
     407     21220.00           82.46
     408     21230.00           83.25
     409     21240.00           82.90
     410     21250.00           82.30
     411     21260.00           83.64
     412     21270.00           83.20
     413     21280.00           82.21
     414     21290.00           83.93
     415     21300.00           83.27
     416     21310.00           83.03
     417     21320.00           84.03
     418     21330.00           83.44
     419     21340.00           83.38
     420     21350.00           84.43
     421     21360.00           83.41
     422     21370.00           83.47
     423     21380.00           84.30
     424     21390.00           83.67
     425     21400.00           83.87
     426     21410.00           84.37
     427     21420.00           83.39
     428     21430.00           83.55
     429     21440.00           84.42
     430     21450.00           83.51
     431     21460.00           83.74
     432     21470.00           84.66
     433     21480.00           83.68
     434     21490.00           83.87
     435     21500.00           84.29
     436     21510.00           82.96
     437     21520.00           83.30
     438     21530.00           83.97
     439     21540.00           83.39
     440     21550.00           83.87
     441     21560.00           84.22
     442     21570.00           83.60
     443     21580.00           84.57
     444     21590.00           84.40
     445     21600.00           83.64
     446     21610.00           83.77
     447     21620.00           84.21
     448     21630.00           83.04
     449     21640.00           84.15
     450     21650.00           84.80
     451     21660.00           83.77
     452     21670.00           84.04
     453     21680.00           84.52
     454     21690.00           83.66
     455     21700.00           85.02
     456     21710.00           85.14
     457     21720.00           84.20
     458     21730.00           84.30
     459     21740.00           84.94
     460     21750.00           84.23
     461     21760.00           85.19
     462     21770.00           85.49
     463     21780.00           84.13
     464     21790.00           84.59
     465     21800.00           85.68
     466     21810.00           85.08
     467     21820.00           85.78
     468     21830.00           85.03
     469     21840.00           84.12
     470     21850.00           84.55
     471     21860.00           86.12
     472     21870.00           85.36
     473     21880.00           85.89
     474     21890.00           86.73
     475     21900.00           85.39
     476     21910.00           86.17
     477     21920.00           86.77
     478     21930.00           86.04
     479     21940.00           86.43
     480     21950.00           85.94
     481     21960.00           86.25
     482     21970.00           86.58
     483     21980.00           86.07
     484     21990.00           84.65
     485     22000.00           81.21
     486     22010.00           84.90
     487     22020.00           84.88
     488     22030.00           85.70
     489     22040.00           86.71
     490     22050.00           84.96
     491     22060.00           86.65
     492     22070.00           87.46
     493     22080.00           87.25
     494     22090.00           87.23
     495     22100.00           87.74
     496     22110.00           86.86
     497     22120.00           87.03
     498     22130.00           88.19
     499     22140.00           87.47
     500     22150.00           86.97
     501     22160.00           86.47
     502     22170.00           86.84
     503     22180.00           87.03
     504     22190.00           87.42
     505     22200.00           87.79
     506     22210.00           86.02
     507     22220.00           85.96
     508     22230.00           87.70
     509     22240.00           87.16
     510     22250.00           86.96
     511     22260.00           87.10
     512     22270.00           85.50
     513     22280.00           86.53
     514     22290.00           87.57
     515     22300.00           87.36
     516     22310.00           86.22
     517     22320.00           85.27
     518     22330.00           86.05
     519     22340.00           85.99
     520     22350.00           86.81
     521     22360.00           86.24
     522     22370.00           85.71
     523     22380.00           85.83
     524     22390.00           87.03
     525     22400.00           85.66
     526     22410.00           85.50
     527     22420.00           86.54
     528     22430.00           86.23
     529     22440.00           84.88
     530     22450.00           86.86
     531     22460.00           85.30
     532     22470.00           83.88
     533     22480.00           86.65
     534     22490.00           86.54
     535     22500.00           85.58
     536     22510.00           86.18
     537     22520.00           86.74
     538     22530.00           85.87
     539     22540.00           84.43
     540     22550.00           86.35
     541     22560.00           85.00
     542     22570.00           84.12
     543     22580.00           86.50
     544     22590.00           86.85
     545     22600.00           86.13
     546     22610.00           84.22
     547     22620.00           83.23
     548     22630.00           86.69
     549     22640.00           85.84
     550     22650.00           85.50
     551     22660.00           88.13
     552     22670.00           87.95
     553     22680.00           85.14
     554     22690.00           84.25
     555     22700.00           86.62
     556     22710.00           87.29
     557     22720.00           85.91
     558     22730.00           86.48
     559     22740.00           87.63
     560     22750.00           83.91
     561     22760.00           80.56
     562     22770.00           83.90
     563     22780.00           85.71
     564     22790.00           85.80
     565     22800.00           84.40
     566     22810.00           80.87
     567     22820.00           82.22
     568     22830.00           75.91
     569     22840.00           77.07
     570     22850.00           77.47
     571     22860.00           77.33
     572     22870.00           76.14
     573     22880.00           74.37
     574     22890.00           71.42
     575     22900.00           65.81
     576     22910.00           68.15
     577     22920.00           65.34
     578     22930.00           63.47
     579     22940.00           60.70
     580     22950.00           57.23
     581     22960.00           54.75
     582     22970.00           54.86
     583     22980.00           50.89
     584     22990.00           47.59
     585     23000.00           45.37
     586     23010.00           43.83
     587     23020.00           42.48
     588     23030.00           39.92
     589     23040.00           36.62
     590     23050.00           35.12
     591     23060.00           33.69
     592     23070.00           31.49
     593     23080.00           29.76
     594     23090.00           28.54
     595     23100.00           27.00
     596     23110.00           25.68
     597     23120.00           23.66
     598     23130.00           22.46
     599     23140.00           21.03
     600     23150.00           19.54
     601     23160.00           17.20
     602     23170.00           13.97
     603     23180.00           13.88
     604     23190.00           14.03
     605     23200.00           13.41
     606     23210.00           12.73
     607     23220.00           11.87
     608     23230.00           11.22
     609     23240.00           10.68
     610     23250.00            9.94
     611     23260.00            9.33
     612     23270.00            8.97
     613     23280.00            8.30
     614     23290.00            7.61
     615     23300.00            7.40
     616     23310.00            6.79
     617     23320.00            6.19
     618     23330.00            6.00
     619     23340.00            5.57
     620     23350.00            5.12
     621     23360.00            4.81
     622     23370.00            4.64
     623     23380.00            4.20
     624     23390.00            3.89
     625     23400.00            3.48
     626     23410.00            3.42
     627     23420.00            3.35
     628     23430.00            3.22
     629     23440.00            3.09
     630     23450.00            2.88
     631     23460.00            2.75
     632     23470.00            2.58
     633     23480.00            2.42
     634     23490.00            2.39
     635     23500.00            2.21
     636     23510.00            2.01
     637     23520.00            1.91
     638     23530.00            1.80
     639     23540.00            1.78
     640     23550.00            1.71
     641     23560.00            1.44
     642     23570.00            1.46
     643     23580.00            1.37
     644     23590.00            1.26
     645     23600.00            1.38
     646     23610.00            1.30
     647     23620.00            1.14
     648     23630.00            1.10
     649     23640.00            1.03
     650     23650.00            1.00
     651     23660.00            0.95
     652     23670.00            0.92
     653     23680.00            0.83
     654     23690.00            0.82
     655     23700.00            0.78
     656     23710.00            0.65
     657     23720.00            0.71
     658     23730.00            0.78
     659     23740.00            0.71
     660     23750.00            0.55
     661     23760.00            0.48
     662     23770.00            0.44
     663     23780.00            0.41
     664     23790.00            0.43
     665     23800.00            0.39
     666     23810.00            0.34
     667     23820.00            0.42
     668     23830.00            0.42
     669     23840.00            0.34
     670     23850.00            0.37
     671     23860.00            0.34
     672     23870.00            0.35
     673     23880.00            0.38
     674     23890.00            0.45
     675     23900.00            0.41
     676     23910.00            0.31
     677     23920.00            0.24
     678     23930.00            0.23
     679     23940.00            0.17
     680     23950.00            0.17
     681     23960.00            0.20
     682     23970.00            0.17
     683     23980.00            0.15
     684     23990.00            0.14
     685     24000.00            0.10
     686     24010.00            0.27
     687     24020.00            0.30
     688     24030.00            0.18
     689     24040.00            0.17
     690     24050.00            0.21
     691     24060.00            0.25
     692     24070.00            0.23
     693     24080.00            0.16
     694     24090.00            0.19
     695     24100.00            0.18
     696     24110.00            0.15
     697     24120.00            0.12
     698     24130.00            0.08
     699     24140.00            0.05
     700     24150.00            0.02
     701     24160.00            0.02
     702     24170.00            0.06
     703     24180.00            0.04
     704     24190.00            0.04
     705     24200.00            0.10
     706     24210.00            0.08
     707     24220.00            0.05
     708     24230.00            0.18
     709     24240.00            0.24
     710     24250.00            0.18
     711     24260.00            0.08
     712     24270.00            0.00
     713     24280.00            0.04
     714     24290.00            0.05
     715     24300.00            0.16
     716     24310.00            0.09
     717     24320.00            0.00
     718     24330.00            0.00
     719     24340.00            0.02
     720     24350.00            0.05
     721     24360.00            0.02
     722     24370.00            0.02
     723     24380.00            0.07
     724     24390.00            0.07
     725     24400.00            0.08
     726     24410.00            0.12
     727     24420.00            0.09
     728     24430.00            0.03
     729     24440.00            0.11
     730     24450.00            0.15
     731     24460.00            0.05
     732     24470.00            0.09
     733     24480.00            0.04
     734     24490.00            0.03
     735     24500.00            0.00
     736     24510.00            0.00
     737     24520.00            0.02
     738     24530.00            0.12
     739     24540.00            0.03
     740     24550.00            0.00
     741     24580.00            0.00
     742     24590.00            0.08
     743     24600.00            0.08
     744     24610.00            0.12
     745     24620.00            0.00
     746     24670.00            0.00
     747     24680.00            0.02
     748     24690.00            0.02
     749     24700.00            0.02
     750     24710.00            0.00
     751     24720.00            0.00
     752     24730.00            0.02
     753     24740.00            0.00
     754     24750.00            0.00
     755     24760.00            0.07
     756     24770.00            0.12
     757     24780.00            0.03
     758     24790.00            0.07
     759     24800.00            0.00
     760     24840.00            0.00
     761     24850.00            0.04
     762     24860.00            0.02
     763     24870.00            0.00
     764     24880.00            0.00
     765     24890.00            0.06
     766     24900.00            0.03
     767     24910.00            0.00
     768     24920.00            0.00
     769     24930.00            0.04
     770     24940.00            0.03
     771     24950.00            0.00
     772     32000.00            0.00