       1   4.9900e+04      0.0000e+00
       2   5.0000e+04      1.4663e-11
       3   5.0100e+04      9.0248e-12
       4   5.0200e+04      5.8687e-12
       5   5.0300e+04      1.8544e-12
       6   5.0400e+04      4.9693e-12
       7   5.0500e+04      8.6894e-11
       8   5.0600e+04      1.5672e-10
       9   5.0700e+04      1.0752e-11
      10   5.0800e+04      2.2526e-11
      11   5.0900e+04      9.4790e-12
      12   5.1000e+04      9.0778e-11
      13   5.1100e+04      4.5217e-08
      14   5.1200e+04      4.4530e-08
      15   5.1300e+04      4.7911e-08
      16   5.1400e+04      3.4158e-08
      17   5.1500e+04      3.4895e-08
      18   5.1600e+04      3.2278e-08
      19   5.1700e+04      3.0016e-08
      20   5.1800e+04      2.7814e-08
      21   5.1900e+04      4.1524e-08
      22   5.2000e+04      3.9789e-08
      23   5.2100e+04      3.0660e-08
      24   5.2200e+04      2.6267e-08
      25   5.2300e+04      2.6903e-08
      26   5.2400e+04      2.8205e-08
      27   5.2500e+04      4.1719e-08
      28   5.2600e+04      3.4557e-08
      29   5.2700e+04      3.5231e-08
      30   5.2800e+04      3.8575e-08
      31   5.2900e+04      4.3744e-08
      32   5.3000e+04      3.5143e-08
      33   5.3100e+04      4.7065e-08
      34   5.3200e+04      5.0570e-08
      35   5.3300e+04      5.3088e-08
      36   5.3400e+04      4.8000e-08
      37   5.3500e+04      4.9825e-08
      38   5.3600e+04      3.2628e-08
      39   5.3700e+04      3.7712e-08
      40   5.3800e+04      4.6339e-08
      41   5.3900e+04      4.7606e-08
      42   5.4000e+04      4.7143e-08
      43   5.4100e+04      4.7684e-08
      44   5.4200e+04      3.6894e-08
      45   5.4300e+04      3.3689e-08
      46   5.4400e+04      4.5674e-08
      47   5.4500e+04      5.6571e-08
      48   5.4600e+04      5.5389e-08
      49   5.4700e+04      6.2687e-08
      50   5.4800e+04      6.4670e-08
      51   5.4900e+04      6.3260e-08
      52   5.5000e+04      6.3611e-08
      53   5.5100e+04      6.4525e-08
      54   5.5200e+04      6.5523e-08
      55   5.5300e+04      6.5988e-08
      56   5.5400e+04      6.5597e-08
      57   5.5500e+04      6.6007e-08
      58   5.5600e+04      6.6309e-08
      59   5.5700e+04      6.6520e-08
      60   5.5800e+04      6.6778e-08
      61   5.5900e+04      6.6014e-08
      62   5.6000e+04      6.5828e-08
      63   5.6100e+04      6.5391e-08
      64   5.6200e+04      6.7034e-08
      65   5.6300e+04      6.7237e-08
      66   5.6400e+04      6.5676e-08
      67   5.6500e+04      6.5104e-08
      68   5.6600e+04      6.4408e-08
      69   5.6700e+04      6.4438e-08
      70   5.6800e+04      6.3223e-08
      71   5.6900e+04      6.1405e-08
      72   5.7000e+04      6.1118e-08
      73   5.7100e+04      6.3087e-08
      74   5.7200e+04      6.1964e-08
      75   5.7300e+04      6.1987e-08
      76   5.7400e+04      6.4241e-08
      77   5.7500e+04      6.6483e-08
      78   5.7600e+04      6.7898e-08
      79   5.7700e+04      6.8377e-08
      80   5.7800e+04      6.7249e-08
      81   5.7900e+04      6.9872e-08
      82   5.8000e+04      7.0700e-08
      83   5.8100e+04      7.2247e-08
      84   5.8200e+04      7.5620e-08
      85   5.8300e+04      7.6336e-08
      86   5.8400e+04      7.5947e-08
      87   5.8500e+04      7.7638e-08
      88   5.8600e+04      7.6063e-08
      89   5.8700e+04      7.6656e-08
      90   5.8800e+04      7.7639e-08
      91   5.8900e+04      8.0477e-08
      92   5.9000e+04      7.8739e-08
      93   5.9100e+04      7.8677e-08
      94   5.9200e+04      7.8830e-08
      95   5.9300e+04      8.1922e-08
      96   5.9400e+04      8.2647e-08
      97   5.9500e+04      8.4667e-08
      98   5.9600e+04      8.6389e-08
      99   5.9700e+04      8.9060e-08
     100   5.9800e+04      8.7309e-08
     101   5.9900e+04      9.0000e-08
     102   6.0000e+04      8.8431e-08
     103   6.0100e+04      8.9271e-08
     104   6.0200e+04      9.1868e-08
     105   6.0300e+04      9.2736e-08
     106   6.0400e+04      9.7086e-08
     107   6.0500e+04      9.7267e-08
     108   6.0600e+04      9.3816e-08
     109   6.0700e+04      9.8128e-08
     110   6.0800e+04      9.7379e-08
     111   6.0900e+04      1.0349e-07
     112   6.1000e+04      1.0757e-07
     113   6.1100e+04      1.1328e-07
     114   6.1200e+04      1.2203e-07
     115   6.1300e+04      1.4272e-07
     116   6.1400e+04      1.6712e-07
     117   6.1500e+04      2.0972e-07
     118   6.1600e+04      2.5935e-07
     119   6.1700e+04      3.4034e-07
     120   6.1800e+04      4.5669e-07
     121   6.1900e+04      6.3600e-07
     122   6.2000e+04      8.8459e-07
     123   6.2100e+04      1.1146e-06
     124   6.2200e+04      1.2608e-06
     125   6.2300e+04      1.6967e-06
     126   6.2400e+04      1.3172e-06
     127   6.2500e+04      1.9018e-06
     128   6.2600e+04      1.6173e-06
     129   6.2700e+04      1.6395e-06
     130   6.2800e+04      2.0495e-06
     131   6.2900e+04      1.2056e-06
     132   6.3000e+04      1.4699e-06
     133   6.3100e+04      1.1242e-06
     134   6.3200e+04      6.5435e-07
     135   6.3300e+04      8.5853e-07
     136   6.3400e+04      1.6348e-06
     137   6.3500e+04      1.0078e-06
     138   6.3600e+04      6.5556e-09
     139   6.3700e+04      2.2121e-07
     140   6.3800e+04      6.0940e-09
     141   6.3900e+04      1.5256e-06
     142   6.4000e+04      1.8410e-06
     143   6.4100e+04      1.3700e-06
     144   6.4200e+04      1.1914e-06
     145   6.4300e+04      2.0688e-06
     146   6.4400e+04      1.3806e-08
     147   6.4500e+04      3.8945e-07
     148   6.4600e+04      4.4271e-09
     149   6.4700e+04      6.2035e-07
     150   6.4800e+04      3.5808e-07
     151   6.4900e+04      1.9716e-07
     152   6.5000e+04      1.3550e-07
     153   6.5100e+04      1.5307e-06
     154   6.5200e+04      4.3565e-06
     155   6.5300e+04      3.3740e-06
     156   6.5400e+04      6.2856e-07
     157   6.5500e+04      2.8559e-07
     158   6.5600e+04      5.1934e-08
     159   6.5700e+04      6.2095e-11
     160   6.5800e+04      4.9091e-11
     161   6.5900e+04      3.9118e-11
     162   6.6000e+04      3.2428e-11
     163   6.6100e+04      3.0214e-11
     164   6.6200e+04      3.2276e-11
     165   6.6300e+04      7.0872e-08
     166   6.6400e+04      4.3514e-08
     167   6.6500e+04      5.5701e-11
     168   6.6600e+04      6.6894e-11
     169   6.6700e+04      7.4759e-11
     170   6.6800e+04      8.0272e-11
     171   6.6900e+04      8.4027e-11
     172   6.7000e+04      1.6250e-07
     173   6.7100e+04      7.5417e-11
     174   6.7200e+04      6.3580e-11
     175   6.7300e+04      1.3542e-07
     176   6.7400e+04      3.5369e-06
     177   6.7500e+04      4.3346e-07
     178   6.7600e+04      3.2703e-06
     179   6.7700e+04      3.1658e-06
     180   6.7800e+04      8.6854e-07
     181   6.7900e+04      5.1038e-06
     182   6.8000e+04      1.3324e-06
     183   6.8100e+04      6.9118e-06
     184   6.8200e+04      1.3127e-05
     185   6.8300e+04      9.9112e-06
     186   6.8400e+04      1.2513e-05
     187   6.8500e+04      9.3876e-06
     188   6.8600e+04      2.6929e-06
     189   6.8700e+04      2.9106e-06
     190   6.8800e+04      1.1123e-05
     191   6.8900e+04      1.4646e-05
     192   6.9000e+04      1.9871e-05
     193   6.9100e+04      3.5476e-06
     194   6.9200e+04      1.9302e-05
     195   6.9300e+04      3.5008e-06
     196   6.9400e+04      3.4659e-06
     197   6.9500e+04      3.4617e-06
     198   6.9600e+04      3.5045e-06
     199   6.9700e+04      3.7609e-06
     200   6.9800e+04      1.3091e-05
     201   6.9900e+04      3.9305e-06
     202   7.0000e+04      3.4740e-06
     203   7.0100e+04      1.2674e-05
     204   7.0200e+04      7.2267e-09
     205   7.0300e+04      9.4838e-09
     206   7.0400e+04      6.0139e-07
     207   7.0500e+04      1.6020e-08
     208   7.0600e+04      2.7214e-06
     209   7.0700e+04      2.7206e-08
     210   7.0800e+04      3.5160e-08
     211   7.0900e+04      4.5483e-08
     212   7.1000e+04      5.0060e-06
     213   7.1100e+04      7.6225e-08
     214   7.1200e+04      9.9885e-08
     215   7.1300e+04      1.3149e-07
     216   7.1400e+04      1.7376e-07
     217   7.1500e+04      2.3452e-07
     218   7.1600e+04      1.1762e-05
     219   7.1700e+04      4.4060e-07
     220   7.1800e+04      6.1607e-07
     221   7.1900e+04      8.6767e-07
     222   7.2000e+04      2.8062e-05
     223   7.2100e+04      1.7202e-03
     224   7.2200e+04      1.6953e-03
     225   7.2300e+04      2.1202e-03
     226   7.2400e+04      2.2305e-03
     227   7.2500e+04      2.0557e-03
     228   7.2600e+04      2.1601e-03
     229   7.2700e+04      1.9177e-03
     230   7.2800e+04      1.1553e-03
     231   7.2900e+04      1.6445e-03
     232   7.3000e+04      2.6889e-03
     233   7.3100e+04      3.3714e-03
     234   7.3200e+04      3.5918e-03
     235   7.3300e+04      3.5219e-03
     236   7.3400e+04      3.7744e-03
     237   7.3500e+04      3.6840e-03
     238   7.3600e+04      3.3351e-03
     239   7.3700e+04      3.3336e-03
     240   7.3800e+04      3.1728e-03
     241   7.3900e+04      3.3791e-03
     242   7.4000e+04      3.6603e-03
     243   7.4100e+04      4.2789e-03
     244   7.4200e+04      5.4307e-03
     245   7.4300e+04      7.1141e-03
     246   7.4400e+04      9.2516e-03
     247   7.4500e+04      1.1710e-02
     248   7.4600e+04      1.4421e-02
     249   7.4700e+04      1.7429e-02
     250   7.4800e+04      2.1233e-02
     251   7.4900e+04      2.6207e-02
     252   7.5000e+04      3.3257e-02
     253   7.5100e+04      4.3132e-02
     254   7.5200e+04      5.6946e-02
     255   7.5300e+04      7.5682e-02
     256   7.5400e+04      1.0010e-01
     257   7.5500e+04      1.2979e-01
     258   7.5600e+04      1.6432e-01
     259   7.5700e+04      2.0006e-01
     260   7.5800e+04      2.3102e-01
     261   7.5900e+04      2.5482e-01
     262   7.6000e+04      2.6893e-01
     263   7.6100e+04      2.7304e-01
     264   7.6200e+04      2.6850e-01
     265   7.6300e+04      2.5881e-01
     266   7.6400e+04      2.4657e-01
     267   7.6500e+04      2.3555e-01
     268   7.6600e+04      2.2577e-01
     269   7.6700e+04      2.1849e-01
     270   7.6800e+04      2.1245e-01
     271   7.6900e+04      2.0893e-01
     272   7.7000e+04      2.0793e-01
     273   7.7100e+04      2.0820e-01
     274   7.7200e+04      2.0847e-01
     275   7.7300e+04      2.1001e-01
     276   7.7400e+04      2.1156e-01
     277   7.7500e+04      2.1183e-01
     278   7.7600e+04      2.1338e-01
     279   7.7700e+04      2.1494e-01
     280   7.7800e+04      2.1778e-01
     281   7.7900e+04      2.2190e-01
     282   7.8000e+04      2.2604e-01
     283   7.8100e+04      2.3019e-01
     284   7.8200e+04      2.3435e-01
     285   7.8300e+04      2.3852e-01
     286   7.8400e+04      2.4269e-01
     287   7.8500e+04      2.4559e-01
     288   7.8600e+04      2.4849e-01
     289   7.8700e+04      2.5010e-01
     290   7.8800e+04      2.5172e-01
     291   7.8900e+04      2.5333e-01
     292   7.9000e+04      2.5626e-01
     293   7.9100e+04      2.5788e-01
     294   7.9200e+04      2.6082e-01
     295   7.9300e+04      2.6637e-01
     296   7.9400e+04      2.7063e-01
     297   7.9500e+04      2.7621e-01
     298   7.9600e+04      2.8311e-01
     299   7.9700e+04      2.9134e-01
     300   7.9800e+04      2.9959e-01
     301   7.9900e+04      3.0654e-01
     302   8.0000e+04      3.1219e-01
     303   8.0100e+04      3.1654e-01
     304   8.0200e+04      3.2090e-01
     305   8.0300e+04      3.2394e-01
     306   8.0400e+04      3.2699e-01
     307   8.0500e+04      3.2872e-01
     308   8.0600e+04      3.2913e-01
     309   8.0700e+04      3.3087e-01
     310   8.0800e+04      3.3128e-01
     311   8.0900e+04      3.3435e-01
     312   8.1000e+04      3.3610e-01
     313   8.1100e+04      3.3651e-01
     314   8.1200e+04      3.3693e-01
     315   8.1300e+04      3.3601e-01
     316   8.1400e+04      3.3374e-01
     317   8.1500e+04      3.3146e-01
     318   8.1600e+04      3.2784e-01
     319   8.1700e+04      3.2421e-01
     320   8.1800e+04      3.2191e-01
     321   8.1900e+04      3.2095e-01
     322   8.2000e+04      3.1865e-01
     323   8.2100e+04      3.1768e-01
     324   8.2200e+04      3.1536e-01
     325   8.2300e+04      3.1439e-01
     326   8.2400e+04      3.1342e-01
     327   8.2500e+04      3.1108e-01
     328   8.2600e+04      3.0738e-01
     329   8.2700e+04      3.0230e-01
     330   8.2800e+04      2.9721e-01
     331   8.2900e+04      2.9211e-01
     332   8.3000e+04      2.9110e-01
     333   8.3100e+04      2.9145e-01
     334   8.3200e+04      2.9180e-01
     335   8.3300e+04      2.9352e-01
     336   8.3400e+04      2.9387e-01
     337   8.3500e+04      2.9285e-01
     338   8.3600e+04      2.9183e-01
     339   8.3700e+04      2.9218e-01
     340   8.3800e+04      2.9390e-01
     341   8.3900e+04      2.9702e-01
     342   8.4000e+04      3.0014e-01
     343   8.4100e+04      3.0188e-01
     344   8.4200e+04      3.0501e-01
     345   8.4300e+04      3.0815e-01
     346   8.4400e+04      3.1130e-01
     347   8.4500e+04      3.1445e-01
     348   8.4600e+04      3.1900e-01
     349   8.4700e+04      3.2356e-01
     350   8.4800e+04      3.2813e-01
     351   8.4900e+04      3.3271e-01
     352   8.5000e+04      3.3730e-01
     353   8.5100e+04      3.4190e-01
     354   8.5200e+04      3.4511e-01
     355   8.5300e+04      3.4832e-01
     356   8.5400e+04      3.5154e-01
     357   8.5500e+04      3.5477e-01
     358   8.5600e+04      3.5801e-01
     359   8.5700e+04      3.5984e-01
     360   8.5800e+04      3.6167e-01
     361   8.5900e+04      3.6209e-01
     362   8.6000e+04      3.6109e-01
     363   8.6100e+04      3.6010e-01
     364   8.6200e+04      3.5910e-01
     365   8.6300e+04      3.5809e-01
     366   8.6400e+04      3.5566e-01
     367   8.6500e+04      3.5465e-01
     368   8.6600e+04      3.5363e-01
     369   8.6700e+04      3.5261e-01
     370   8.6800e+04      3.5159e-01
     371   8.6900e+04      3.4913e-01
     372   8.7000e+04      3.4810e-01
     373   8.7100e+04      3.4563e-01
     374   8.7200e+04      3.4460e-01
     375   8.7300e+04      3.4355e-01
     376   8.7400e+04      3.3963e-01
     377   8.7500e+04      3.3281e-01
     378   8.7600e+04      3.1733e-01
     379   8.7700e+04      2.9025e-01
     380   8.7800e+04      2.5300e-01
     381   8.7900e+04      2.1710e-01
     382   8.8000e+04      1.9706e-01
     383   8.8100e+04      2.0309e-01
     384   8.8200e+04      2.2801e-01
     385   8.8300e+04      2.6171e-01
     386   8.8400e+04      2.9112e-01
     387   8.8500e+04      3.1185e-01
     388   8.8600e+04      3.2387e-01
     389   8.8700e+04      3.3154e-01
     390   8.8800e+04      3.3630e-01
     391   8.8900e+04      3.4107e-01
     392   8.9000e+04      3.4585e-01
     393   8.9100e+04      3.5064e-01
     394   8.9200e+04      3.5397e-01
     395   8.9300e+04      3.5731e-01
     396   8.9400e+04      3.5918e-01
     397   8.9500e+04      3.5958e-01
     398   8.9600e+04      3.6146e-01
     399   8.9700e+04      3.6334e-01
     400   8.9800e+04      3.6374e-01
     401   8.9900e+04      3.6563e-01
     402   9.0000e+04      3.6603e-01
     403   9.0100e+04      3.6496e-01
     404   9.0200e+04      3.6388e-01
     405   9.0300e+04      3.6279e-01
     406   9.0400e+04      3.6171e-01
     407   9.0500e+04      3.6062e-01
     408   9.0600e+04      3.6102e-01
     409   9.0700e+04      3.6291e-01
     410   9.0800e+04      3.6331e-01
     411   9.0900e+04      3.6520e-01
     412   9.1000e+04      3.6710e-01
     413   9.1100e+04      3.7051e-01
     414   9.1200e+04      3.7091e-01
     415   9.1300e+04      3.7282e-01
     416   9.1400e+04      3.7323e-01
     417   9.1500e+04      3.7213e-01
     418   9.1600e+04      3.7103e-01
     419   9.1700e+04      3.6842e-01
     420   9.1800e+04      3.6731e-01
     421   9.1900e+04      3.6468e-01
     422   9.2000e+04      3.6356e-01
     423   9.2100e+04      3.6396e-01
     424   9.2200e+04      3.6284e-01
     425   9.2300e+04      3.6323e-01
     426   9.2400e+04      3.6210e-01
     427   9.2500e+04      3.6249e-01
     428   9.2600e+04      3.5984e-01
     429   9.2700e+04      3.6023e-01
     430   9.2800e+04      3.5909e-01
     431   9.2900e+04      3.5947e-01
     432   9.3000e+04      3.6139e-01
     433   9.3100e+04      3.6178e-01
     434   9.3200e+04      3.6370e-01
     435   9.3300e+04      3.6409e-01
     436   9.3400e+04      3.6448e-01
     437   9.3500e+04      3.6641e-01
     438   9.3600e+04      3.6680e-01
     439   9.3700e+04      3.6565e-01
     440   9.3800e+04      3.6604e-01
     441   9.3900e+04      3.6643e-01
     442   9.4000e+04      3.6837e-01
     443   9.4100e+04      3.6876e-01
     444   9.4200e+04      3.7071e-01
     445   9.4300e+04      3.7110e-01
     446   9.4400e+04      3.7305e-01
     447   9.4500e+04      3.7500e-01
     448   9.4600e+04      3.7695e-01
     449   9.4700e+04      3.7891e-01
     450   9.4800e+04      3.8243e-01
     451   9.4900e+04      3.8596e-01
     452   9.5000e+04      3.8950e-01
     453   9.5100e+04      3.9304e-01
     454   9.5200e+04      3.9502e-01
     455   9.5300e+04      3.9544e-01
     456   9.5400e+04      3.9585e-01
     457   9.5500e+04      3.9469e-01
     458   9.5600e+04      3.9196e-01
     459   9.5700e+04      3.9079e-01
     460   9.5800e+04      3.8805e-01
     461   9.5900e+04      3.8529e-01
     462   9.6000e+04      3.8253e-01
     463   9.6100e+04      3.7977e-01
     464   9.6200e+04      3.7858e-01
     465   9.6300e+04      3.7739e-01
     466   9.6400e+04      3.7778e-01
     467   9.6500e+04      3.7976e-01
     468   9.6600e+04      3.8174e-01
     469   9.6700e+04      3.8532e-01
     470   9.6800e+04      3.8731e-01
     471   9.6900e+04      3.9091e-01
     472   9.7000e+04      3.9291e-01
     473   9.7100e+04      3.9331e-01
     474   9.7200e+04      3.9372e-01
     475   9.7300e+04      3.9412e-01
     476   9.7400e+04      3.9292e-01
     477   9.7500e+04      3.9172e-01
     478   9.7600e+04      3.9212e-01
     479   9.7700e+04      3.9252e-01
     480   9.7800e+04      3.9293e-01
     481   9.7900e+04      3.9494e-01
     482   9.8000e+04      3.9696e-01
     483   9.8100e+04      3.9898e-01
     484   9.8200e+04      4.0100e-01
     485   9.8300e+04      4.0303e-01
     486   9.8400e+04      4.0506e-01
     487   9.8500e+04      4.0709e-01
     488   9.8600e+04      4.0913e-01
     489   9.8700e+04      4.1117e-01
     490   9.8800e+04      4.1321e-01
     491   9.8900e+04      4.1526e-01
     492   9.9000e+04      4.1894e-01
     493   9.9100e+04      4.2263e-01
     494   9.9200e+04      4.2795e-01
     495   9.9300e+04      4.3165e-01
     496   9.9400e+04      4.3700e-01
     497   9.9500e+04      4.4071e-01
     498   9.9600e+04      4.4444e-01
     499   9.9700e+04      4.4817e-01
     500   9.9800e+04      4.5026e-01
     501   9.9900e+04      4.5400e-01
     502   1.0000e+05      4.5610e-01
     503   1.0010e+05      4.5985e-01
     504   1.0020e+05      4.6526e-01
     505   1.0030e+05      4.6903e-01
     506   1.0040e+05      4.7446e-01
     507   1.0050e+05      4.8155e-01
     508   1.0060e+05      4.8866e-01
     509   1.0070e+05      4.9577e-01
     510   1.0080e+05      5.0124e-01
     511   1.0090e+05      5.0839e-01
     512   1.0100e+05      5.1554e-01
     513   1.0110e+05      5.2105e-01
     514   1.0120e+05      5.2656e-01
     515   1.0130e+05      5.3209e-01
     516   1.0140e+05      5.3595e-01
     517   1.0150e+05      5.3982e-01
     518   1.0160e+05      5.4370e-01
     519   1.0170e+05      5.4758e-01
     520   1.0180e+05      5.4812e-01
     521   1.0190e+05      5.4866e-01
     522   1.0200e+05      5.4752e-01
     523   1.0210e+05      5.4469e-01
     524   1.0220e+05      5.4186e-01
     525   1.0230e+05      5.3902e-01
     526   1.0240e+05      5.3618e-01
     527   1.0250e+05      5.3501e-01
     528   1.0260e+05      5.3216e-01
     529   1.0270e+05      5.2760e-01
     530   1.0280e+05      5.2473e-01
     531   1.0290e+05      5.2016e-01
     532   1.0300e+05      5.1727e-01
     533   1.0310e+05      5.1268e-01
     534   1.0320e+05      5.1148e-01
     535   1.0330e+05      5.1027e-01
     536   1.0340e+05      5.0907e-01
     537   1.0350e+05      5.0956e-01
     538   1.0360e+05      5.1005e-01
     539   1.0370e+05      5.1054e-01
     540   1.0380e+05      5.1104e-01
     541   1.0390e+05      5.0982e-01
     542   1.0400e+05      5.0860e-01
     543   1.0410e+05      5.0737e-01
     544   1.0420e+05      5.0614e-01
     545   1.0430e+05      5.0491e-01
     546   1.0440e+05      5.0196e-01
     547   1.0450e+05      5.0244e-01
     548   1.0460e+05      5.0120e-01
     549   1.0470e+05      5.0167e-01
     550   1.0480e+05      5.0215e-01
     551   1.0490e+05      5.0436e-01
     552   1.0500e+05      5.0657e-01
     553   1.0510e+05      5.0878e-01
     554   1.0520e+05      5.1100e-01
     555   1.0530e+05      5.1148e-01
     556   1.0540e+05      5.1371e-01
     557   1.0550e+05      5.1593e-01
     558   1.0560e+05      5.1816e-01
     559   1.0570e+05      5.2039e-01
     560   1.0580e+05      5.2437e-01
     561   1.0590e+05      5.2661e-01
     562   1.0600e+05      5.3059e-01
     563   1.0610e+05      5.3284e-01
     564   1.0620e+05      5.3509e-01
     565   1.0630e+05      5.3735e-01
     566   1.0640e+05      5.3960e-01
     567   1.0650e+05      5.4186e-01
     568   1.0660e+05      5.4413e-01
     569   1.0670e+05      5.4640e-01
     570   1.0680e+05      5.5042e-01
     571   1.0690e+05      5.5270e-01
     572   1.0700e+05      5.5322e-01
     573   1.0710e+05      5.5550e-01
     574   1.0720e+05      5.5602e-01
     575   1.0730e+05      5.5477e-01
     576   1.0740e+05      5.5352e-01
     577   1.0750e+05      5.5226e-01
     578   1.0760e+05      5.5100e-01
     579   1.0770e+05      5.4974e-01
     580   1.0780e+05      5.4848e-01
     581   1.0790e+05      5.4721e-01
     582   1.0800e+05      5.4772e-01
     583   1.0810e+05      5.4823e-01
     584   1.0820e+05      5.5051e-01
     585   1.0830e+05      5.5281e-01
     586   1.0840e+05      5.5510e-01
     587   1.0850e+05      5.5740e-01
     588   1.0860e+05      5.5970e-01
     589   1.0870e+05      5.6022e-01
     590   1.0880e+05      5.5894e-01
     591   1.0890e+05      5.5766e-01
     592   1.0900e+05      5.5638e-01
     593   1.0910e+05      5.5330e-01
     594   1.0920e+05      5.5021e-01
     595   1.0930e+05      5.4891e-01
     596   1.0940e+05      5.4581e-01
     597   1.0950e+05      5.4270e-01
     598   1.0960e+05      5.4140e-01
     599   1.0970e+05      5.4008e-01
     600   1.0980e+05      5.3877e-01
     601   1.0990e+05      5.3926e-01
     602   1.1000e+05      5.3975e-01
     603   1.1010e+05      5.4024e-01
     604   1.1020e+05      5.4254e-01
     605   1.1030e+05      5.4485e-01
     606   1.1040e+05      5.4716e-01
     607   1.1050e+05      5.4766e-01
     608   1.1060e+05      5.4816e-01
     609   1.1070e+05      5.4683e-01
     610   1.1080e+05      5.4550e-01
     611   1.1090e+05      5.4599e-01
     612   1.1100e+05      5.4466e-01
     613   1.1110e+05      5.4515e-01
     614   1.1120e+05      5.4381e-01
     615   1.1130e+05      5.4429e-01
     616   1.1140e+05      5.4478e-01
     617   1.1150e+05      5.4344e-01
     618   1.1160e+05      5.4392e-01
     619   1.1170e+05      5.4073e-01
     620   1.1180e+05      5.3938e-01
     621   1.1190e+05      5.3617e-01
     622   1.1200e+05      5.3296e-01
     623   1.1210e+05      5.2975e-01
     624   1.1220e+05      5.2653e-01
     625   1.1230e+05      5.2330e-01
     626   1.1240e+05      5.2191e-01
     627   1.1250e+05      5.2052e-01
     628   1.1260e+05      5.1913e-01
     629   1.1270e+05      5.1959e-01
     630   1.1280e+05      5.2191e-01
     631   1.1290e+05      5.2238e-01
     632   1.1300e+05      5.2470e-01
     633   1.1310e+05      5.2703e-01
     634   1.1320e+05      5.3122e-01
     635   1.1330e+05      5.3355e-01
     636   1.1340e+05      5.3589e-01
     637   1.1350e+05      5.3823e-01
     638   1.1360e+05      5.4058e-01
     639   1.1370e+05      5.4105e-01
     640   1.1380e+05      5.4340e-01
     641   1.1390e+05      5.4388e-01
     642   1.1400e+05      5.4624e-01
     643   1.1410e+05      5.4672e-01
     644   1.1420e+05      5.4907e-01
     645   1.1430e+05      5.5144e-01
     646   1.1440e+05      5.5380e-01
     647   1.1450e+05      5.5617e-01
     648   1.1460e+05      5.5855e-01
     649   1.1470e+05      5.6281e-01
     650   1.1480e+05      5.6519e-01
     651   1.1490e+05      5.6947e-01
     652   1.1500e+05      5.7186e-01
     653   1.1510e+05      5.7614e-01
     654   1.1520e+05      5.8044e-01
     655   1.1530e+05      5.8474e-01
     656   1.1540e+05      5.8905e-01
     657   1.1550e+05      5.9336e-01
     658   1.1560e+05      5.9768e-01
     659   1.1570e+05      6.0010e-01
     660   1.1580e+05      6.0253e-01
     661   1.1590e+05      6.0496e-01
     662   1.1600e+05      6.0548e-01
     663   1.1610e+05      6.0791e-01
     664   1.1620e+05      6.0844e-01
     665   1.1630e+05      6.1088e-01
     666   1.1640e+05      6.1140e-01
     667   1.1650e+05      6.1384e-01
     668   1.1660e+05      6.1437e-01
     669   1.1670e+05      6.1682e-01
     670   1.1680e+05      6.1735e-01
     671   1.1690e+05      6.1788e-01
     672   1.1700e+05      6.1841e-01
     673   1.1710e+05      6.1701e-01
     674   1.1720e+05      6.1560e-01
     675   1.1730e+05      6.1227e-01
     676   1.1740e+05      6.0892e-01
     677   1.1750e+05      6.0751e-01
     678   1.1760e+05      6.0415e-01
     679   1.1770e+05      6.0079e-01
     680   1.1780e+05      5.9936e-01
     681   1.1790e+05      5.9793e-01
     682   1.1800e+05      5.9649e-01
     683   1.1810e+05      5.9700e-01
     684   1.1820e+05      5.9555e-01
     685   1.1830e+05      5.9606e-01
     686   1.1840e+05      5.9656e-01
     687   1.1850e+05      5.9511e-01
     688   1.1860e+05      5.9366e-01
     689   1.1870e+05      5.9221e-01
     690   1.1880e+05      5.9075e-01
     691   1.1890e+05      5.8929e-01
     692   1.1900e+05      5.8587e-01
     693   1.1910e+05      5.8440e-01
     694   1.1920e+05      5.8293e-01
     695   1.1930e+05      5.8145e-01
     696   1.1940e+05      5.7997e-01
     697   1.1950e+05      5.8046e-01
     698   1.1960e+05      5.7898e-01
     699   1.1970e+05      5.7946e-01
     700   1.1980e+05      5.7994e-01
     701   1.1990e+05      5.7845e-01
     702   1.2000e+05      5.7894e-01
     703   1.2010e+05      5.7744e-01
     704   1.2020e+05      5.7594e-01
     705   1.2030e+05      5.7444e-01
     706   1.2040e+05      5.7294e-01
     707   1.2050e+05      5.7143e-01
     708   1.2060e+05      5.6793e-01
     709   1.2070e+05      5.6641e-01
     710   1.2080e+05      5.6291e-01
     711   1.2090e+05      5.6337e-01
     712   1.2100e+05      5.6185e-01
     713   1.2110e+05      5.6231e-01
     714   1.2120e+05      5.6277e-01
     715   1.2130e+05      5.6524e-01
     716   1.2140e+05      5.6770e-01
     717   1.2150e+05      5.7017e-01
     718   1.2160e+05      5.7264e-01
     719   1.2170e+05      5.7512e-01
     720   1.2180e+05      5.7759e-01
     721   1.2190e+05      5.8007e-01
     722   1.2200e+05      5.8457e-01
     723   1.2210e+05      5.8505e-01
     724   1.2220e+05      5.8754e-01
     725   1.2230e+05      5.9003e-01
     726   1.2240e+05      5.9052e-01
     727   1.2250e+05      5.9302e-01
     728   1.2260e+05      5.9350e-01
     729   1.2270e+05      5.9398e-01
     730   1.2280e+05      5.9649e-01
     731   1.2290e+05      5.9698e-01
     732   1.2300e+05      5.9949e-01
     733   1.2310e+05      6.0200e-01
     734   1.2320e+05      6.0655e-01
     735   1.2330e+05      6.1110e-01
     736   1.2340e+05      6.1566e-01
     737   1.2350e+05      6.2022e-01
     738   1.2360e+05      6.2480e-01
     739   1.2370e+05      6.2938e-01
     740   1.2380e+05      6.3396e-01
     741   1.2390e+05      6.4059e-01
     742   1.2400e+05      6.4520e-01
     743   1.2410e+05      6.5185e-01
     744   1.2420e+05      6.5851e-01
     745   1.2430e+05      6.6313e-01
     746   1.2440e+05      6.6981e-01
     747   1.2450e+05      6.7445e-01
     748   1.2460e+05      6.8114e-01
     749   1.2470e+05      6.8580e-01
     750   1.2480e+05      6.9046e-01
     751   1.2490e+05      6.9307e-01
     752   1.2500e+05      6.9568e-01
     753   1.2510e+05      6.9830e-01
     754   1.2520e+05      7.0092e-01
     755   1.2530e+05      6.9941e-01
     756   1.2540e+05      6.9997e-01
     757   1.2550e+05      6.9846e-01
     758   1.2560e+05      6.9695e-01
     759   1.2570e+05      6.9544e-01
     760   1.2580e+05      6.9392e-01
     761   1.2590e+05      6.9240e-01
     762   1.2600e+05      6.9295e-01
     763   1.2610e+05      6.9350e-01
     764   1.2620e+05      6.9405e-01
     765   1.2630e+05      6.9668e-01
     766   1.2640e+05      6.9931e-01
     767   1.2650e+05      7.0194e-01
     768   1.2660e+05      7.0458e-01
     769   1.2670e+05      7.0493e-01
     770   1.2680e+05      7.0758e-01
     771   1.2690e+05      7.0813e-01
     772   1.2700e+05      7.0869e-01
     773   1.2710e+05      7.0925e-01
     774   1.2720e+05      7.0981e-01
     775   1.2730e+05      7.1058e-01
     776   1.2740e+05      7.1113e-01
     777   1.2750e+05      7.1169e-01
     778   1.2760e+05      7.1435e-01
     779   1.2770e+05      7.1491e-01
     780   1.2780e+05      7.1758e-01
     781   1.2790e+05      7.2024e-01
     782   1.2800e+05      7.2291e-01
     783   1.2810e+05      7.2559e-01
     784   1.2820e+05      7.3038e-01
     785   1.2830e+05      7.3517e-01
     786   1.2840e+05      7.3997e-01
     787   1.2850e+05      7.4478e-01
     788   1.2860e+05      7.5171e-01
     789   1.2870e+05      7.5654e-01
     790   1.2880e+05      7.6136e-01
     791   1.2890e+05      7.6832e-01
     792   1.2900e+05      7.7104e-01
     793   1.2910e+05      7.7589e-01
     794   1.2920e+05      7.7862e-01
     795   1.2930e+05      7.8135e-01
     796   1.2940e+05      7.8196e-01
     797   1.2950e+05      7.8469e-01
     798   1.2960e+05      7.8530e-01
     799   1.2970e+05      7.8377e-01
     800   1.2980e+05      7.8437e-01
     801   1.2990e+05      7.8498e-01
     802   1.3000e+05      7.8558e-01
     803   1.3010e+05      7.8619e-01
     804   1.3020e+05      7.8679e-01
     805   1.3030e+05      7.8954e-01
     806   1.3040e+05      7.9229e-01
     807   1.3050e+05      7.9505e-01
     808   1.3060e+05      7.9781e-01
     809   1.3070e+05      8.0273e-01
     810   1.3080e+05      8.0980e-01
     811   1.3090e+05      8.1473e-01
     812   1.3100e+05      8.2182e-01
     813   1.3110e+05      8.2893e-01
     814   1.3120e+05      8.3604e-01
     815   1.3130e+05      8.4316e-01
     816   1.3140e+05      8.4813e-01
     817   1.3150e+05      8.5527e-01
     818   1.3160e+05      8.6243e-01
     819   1.3170e+05      8.6742e-01
     820   1.3180e+05      8.7242e-01
     821   1.3190e+05      8.7742e-01
     822   1.3200e+05      8.8243e-01
     823   1.3210e+05      8.8745e-01
     824   1.3220e+05      8.9030e-01
     825   1.3230e+05      8.9315e-01
     826   1.3240e+05      8.9601e-01
     827   1.3250e+05      8.9887e-01
     828   1.3260e+05      9.0173e-01
     829   1.3270e+05      9.0459e-01
     830   1.3280e+05      9.0528e-01
     831   1.3290e+05      9.0596e-01
     832   1.3300e+05      9.0664e-01
     833   1.3310e+05      9.0732e-01
     834   1.3320e+05      9.0581e-01
     835   1.3330e+05      9.0429e-01
     836   1.3340e+05      9.0058e-01
     837   1.3350e+05      8.9906e-01
     838   1.3360e+05      8.9753e-01
     839   1.3370e+05      8.9380e-01
     840   1.3380e+05      8.9226e-01
     841   1.3390e+05      8.9073e-01
     842   1.3400e+05      8.8919e-01
     843   1.3410e+05      8.8985e-01
     844   1.3420e+05      8.9051e-01
     845   1.3430e+05      8.9118e-01
     846   1.3440e+05      8.9184e-01
     847   1.3450e+05      8.9472e-01
     848   1.3460e+05      8.9538e-01
     849   1.3470e+05      8.9827e-01
     850   1.3480e+05      8.9893e-01
     851   1.3490e+05      9.0182e-01
     852   1.3500e+05      9.0249e-01
     853   1.3510e+05      9.0316e-01
     854   1.3520e+05      9.0383e-01
     855   1.3530e+05      9.0450e-01
     856   1.3540e+05      9.0516e-01
     857   1.3550e+05      9.0583e-01
     858   1.3560e+05      9.0650e-01
     859   1.3570e+05      9.0940e-01
     860   1.3580e+05      9.1007e-01
     861   1.3590e+05      9.1298e-01
     862   1.3600e+05      9.1365e-01
     863   1.3610e+05      9.1657e-01
     864   1.3620e+05      9.1724e-01
     865   1.3630e+05      9.2016e-01
     866   1.3640e+05      9.2083e-01
     867   1.3650e+05      9.2151e-01
     868   1.3660e+05      9.1993e-01
     869   1.3670e+05      9.2061e-01
     870   1.3680e+05      9.1903e-01
     871   1.3690e+05      9.1745e-01
     872   1.3700e+05      9.1586e-01
     873   1.3710e+05      9.1427e-01
     874   1.3720e+05      9.1268e-01
     875   1.3730e+05      9.1108e-01
     876   1.3740e+05      9.0948e-01
     877   1.3750e+05      9.0788e-01
     878   1.3760e+05      9.0854e-01
     879   1.3770e+05      9.0920e-01
     880   1.3780e+05      9.0986e-01
     881   1.3790e+05      9.1052e-01
     882   1.3800e+05      9.1346e-01
     883   1.3810e+05      9.1412e-01
     884   1.3820e+05      9.1706e-01
     885   1.3830e+05      9.2000e-01
     886   1.3840e+05      9.2066e-01
     887   1.3850e+05      9.2133e-01
     888   1.3860e+05      9.2427e-01
     889   1.3870e+05      9.2494e-01
     890   1.3880e+05      9.2561e-01
     891   1.3890e+05      9.2627e-01
     892   1.3900e+05      9.2694e-01
     893   1.3910e+05      9.2990e-01
     894   1.3920e+05      9.3057e-01
     895   1.3930e+05      9.3124e-01
     896   1.3940e+05      9.3420e-01
     897   1.3950e+05      9.3717e-01
     898   1.3960e+05      9.4014e-01
     899   1.3970e+05      9.4311e-01
     900   1.3980e+05      9.4609e-01
     901   1.3990e+05      9.4907e-01
     902   1.4000e+05      9.5436e-01
     903   1.4010e+05      9.5735e-01
     904   1.4020e+05      9.6034e-01
     905   1.4030e+05      9.6333e-01
     906   1.4040e+05      9.6633e-01
     907   1.4050e+05      9.6702e-01
     908   1.4060e+05      9.7002e-01
     909   1.4070e+05      9.7071e-01
     910   1.4080e+05      9.6908e-01
     911   1.4090e+05      9.6977e-01
     912   1.4100e+05      9.6814e-01
     913   1.4110e+05      9.6883e-01
     914   1.4120e+05      9.6719e-01
     915   1.4130e+05      9.6555e-01
     916   1.4140e+05      9.6623e-01
     917   1.4150e+05      9.6691e-01
     918   1.4160e+05      9.6526e-01
     919   1.4170e+05      9.6828e-01
     920   1.4180e+05      9.6896e-01
     921   1.4190e+05      9.7198e-01
     922   1.4200e+05      9.7267e-01
     923   1.4210e+05      9.7569e-01
     924   1.4220e+05      9.7872e-01
     925   1.4230e+05      9.7941e-01
     926   1.4240e+05      9.8244e-01
     927   1.4250e+05      9.8313e-01
     928   1.4260e+05      9.8382e-01
     929   1.4270e+05      9.8216e-01
     930   1.4280e+05      9.8050e-01
     931   1.4290e+05      9.8118e-01
     932   1.4300e+05      9.7952e-01
     933   1.4310e+05      9.7785e-01
     934   1.4320e+05      9.7853e-01
     935   1.4330e+05      9.7685e-01
     936   1.4340e+05      9.7753e-01
     937   1.4350e+05      9.7822e-01
     938   1.4360e+05      9.8126e-01
     939   1.4370e+05      9.8195e-01
     940   1.4380e+05      9.8500e-01
     941   1.4390e+05      9.8805e-01
     942   1.4400e+05      9.9111e-01
     943   1.4410e+05      9.9180e-01
     944   1.4420e+05      9.9486e-01
     945   1.4430e+05      9.9793e-01
     946   1.4440e+05      9.9862e-01
     947   1.4450e+05      9.9931e-01
     948   1.4460e+05      1.0000e+00
     949   1.4470e+05      9.9831e-01
     950   1.4480e+05      9.9661e-01
     951   1.4490e+05      9.9492e-01
     952   1.4500e+05      9.9322e-01
     953   1.4510e+05      9.9151e-01
     954   1.4520e+05      9.8980e-01
     955   1.4530e+05      9.8809e-01
     956   1.4540e+05      9.8638e-01
     957   1.4550e+05      9.8466e-01
     958   1.4560e+05      9.8294e-01
     959   1.4570e+05      9.8122e-01
     960   1.4580e+05      9.7949e-01
     961   1.4590e+05      9.7776e-01
     962   1.4600e+05      9.7603e-01
     963   1.4610e+05      9.7429e-01
     964   1.4620e+05      9.7255e-01
     965   1.4630e+05      9.7080e-01
     966   1.4640e+05      9.6906e-01
     967   1.4650e+05      9.6731e-01
     968   1.4660e+05      9.6555e-01
     969   1.4670e+05      9.6380e-01
     970   1.4680e+05      9.6204e-01
     971   1.4690e+05      9.6269e-01
     972   1.4700e+05      9.6093e-01
     973   1.4710e+05      9.6158e-01
     974   1.4720e+05      9.5981e-01
     975   1.4730e+05      9.6046e-01
     976   1.4740e+05      9.5869e-01
     977   1.4750e+05      9.5934e-01
     978   1.4760e+05      9.5999e-01
     979   1.4770e+05      9.5821e-01
     980   1.4780e+05      9.5642e-01
     981   1.4790e+05      9.5463e-01
     982   1.4800e+05      9.5284e-01
     983   1.4810e+05      9.5349e-01
     984   1.4820e+05      9.4925e-01
     985   1.4830e+05      9.4745e-01
     986   1.4840e+05      9.4564e-01
     987   1.4850e+05      9.4384e-01
     988   1.4860e+05      9.4202e-01
     989   1.4870e+05      9.4021e-01
     990   1.4880e+05      9.3839e-01
     991   1.4890e+05      9.3657e-01
     992   1.4900e+05      9.3475e-01
     993   1.4910e+05      9.3292e-01
     994   1.4920e+05      9.3109e-01
     995   1.4930e+05      9.2679e-01
     996   1.4940e+05      9.2496e-01
     997   1.4950e+05      9.2311e-01
     998   1.4960e+05      9.1880e-01
     999   1.4970e+05      9.1695e-01
    1000   1.4980e+05      9.1510e-01
    1001   1.4990e+05      9.1077e-01
    1002   1.5000e+05      9.0891e-01
    1003   1.5010e+05      9.0705e-01
    1004   1.5020e+05      9.0518e-01
    1005   1.5030e+05      9.0330e-01
    1006   1.5040e+05      9.0143e-01
    1007   1.5050e+05      8.9955e-01
    1008   1.5060e+05      8.9767e-01
    1009   1.5070e+05      8.9578e-01
    1010   1.5080e+05      8.9389e-01
    1011   1.5090e+05      8.9200e-01
    1012   1.5100e+05      8.8762e-01
    1013   1.5110e+05      8.8572e-01
    1014   1.5120e+05      8.8382e-01
    1015   1.5130e+05      8.7942e-01
    1016   1.5140e+05      8.7501e-01
    1017   1.5150e+05      8.7060e-01
    1018   1.5160e+05      8.6619e-01
    1019   1.5170e+05      8.5926e-01
    1020   1.5180e+05      8.5233e-01
    1021   1.5190e+05      8.4539e-01
    1022   1.5200e+05      8.3844e-01
    1023   1.5210e+05      8.3148e-01
    1024   1.5220e+05      8.2200e-01
    1025   1.5230e+05      8.1502e-01
    1026   1.5240e+05      8.0551e-01
    1027   1.5250e+05      7.9851e-01
    1028   1.5260e+05      7.9149e-01
    1029   1.5270e+05      7.8196e-01
    1030   1.5280e+05      7.7492e-01
    1031   1.5290e+05      7.6787e-01
    1032   1.5300e+05      7.6082e-01
    1033   1.5310e+05      7.5375e-01
    1034   1.5320e+05      7.4920e-01
    1035   1.5330e+05      7.4212e-01
    1036   1.5340e+05      7.3502e-01
    1037   1.5350e+05      7.2792e-01
    1038   1.5360e+05      7.2081e-01
    1039   1.5370e+05      7.1368e-01
    1040   1.5380e+05      7.0680e-01
    1041   1.5390e+05      6.9966e-01
    1042   1.5400e+05      6.9251e-01
    1043   1.5410e+05      6.8535e-01
    1044   1.5420e+05      6.7817e-01
    1045   1.5430e+05      6.7328e-01
    1046   1.5440e+05      6.6609e-01
    1047   1.5450e+05      6.6143e-01
    1048   1.5460e+05      6.5931e-01
    1049   1.5470e+05      6.5465e-01
    1050   1.5480e+05      6.5252e-01
    1051   1.5490e+05      6.5039e-01
    1052   1.5500e+05      6.4826e-01
    1053   1.5510e+05      6.4868e-01
    1054   1.5520e+05      6.4909e-01
    1055   1.5530e+05      6.4696e-01
    1056   1.5540e+05      6.4737e-01
    1057   1.5550e+05      6.4779e-01
    1058   1.5560e+05      6.4821e-01
    1059   1.5570e+05      6.4862e-01
    1060   1.5580e+05      6.5160e-01
    1061   1.5590e+05      6.5202e-01
    1062   1.5600e+05      6.5244e-01
    1063   1.5610e+05      6.5286e-01
    1064   1.5620e+05      6.5585e-01
    1065   1.5630e+05      6.5627e-01
    1066   1.5640e+05      6.5926e-01
    1067   1.5650e+05      6.5969e-01
    1068   1.5660e+05      6.6269e-01
    1069   1.5670e+05      6.6311e-01
    1070   1.5680e+05      6.6611e-01
    1071   1.5690e+05      6.6654e-01
    1072   1.5700e+05      6.6696e-01
    1073   1.5710e+05      6.6997e-01
    1074   1.5720e+05      6.7040e-01
    1075   1.5730e+05      6.7083e-01
    1076   1.5740e+05      6.7125e-01
    1077   1.5750e+05      6.6909e-01
    1078   1.5760e+05      6.6951e-01
    1079   1.5770e+05      6.6994e-01
    1080   1.5780e+05      6.6776e-01
    1081   1.5790e+05      6.6819e-01
    1082   1.5800e+05      6.6601e-01
    1083   1.5810e+05      6.6383e-01
    1084   1.5820e+05      6.6425e-01
    1085   1.5830e+05      6.6206e-01
    1086   1.5840e+05      6.5987e-01
    1087   1.5850e+05      6.5768e-01
    1088   1.5860e+05      6.5287e-01
    1089   1.5870e+05      6.5067e-01
    1090   1.5880e+05      6.4846e-01
    1091   1.5890e+05      6.4364e-01
    1092   1.5900e+05      6.4142e-01
    1093   1.5910e+05      6.3659e-01
    1094   1.5920e+05      6.3175e-01
    1095   1.5930e+05      6.2952e-01
    1096   1.5940e+05      6.2467e-01
    1097   1.5950e+05      6.1981e-01
    1098   1.5960e+05      6.1757e-01
    1099   1.5970e+05      6.1269e-01
    1100   1.5980e+05      6.1045e-01
    1101   1.5990e+05      6.0820e-01
    1102   1.6000e+05      6.0594e-01
    1103   1.6010e+05      6.0368e-01
    1104   1.6020e+05      6.0142e-01
    1105   1.6030e+05      5.9916e-01
    1106   1.6040e+05      5.9953e-01
    1107   1.6050e+05      5.9726e-01
    1108   1.6060e+05      5.9764e-01
    1109   1.6070e+05      5.9801e-01
    1110   1.6080e+05      5.9838e-01
    1111   1.6090e+05      5.9875e-01
    1112   1.6100e+05      5.9647e-01
    1113   1.6110e+05      5.9684e-01
    1114   1.6120e+05      5.9721e-01
    1115   1.6130e+05      5.9493e-01
    1116   1.6140e+05      5.9530e-01
    1117   1.6150e+05      5.9567e-01
    1118   1.6160e+05      5.9337e-01
    1119   1.6170e+05      5.9108e-01
    1120   1.6180e+05      5.9144e-01
    1121   1.6190e+05      5.8914e-01
    1122   1.6200e+05      5.8684e-01
    1123   1.6210e+05      5.8453e-01
    1124   1.6220e+05      5.8222e-01
    1125   1.6230e+05      5.7991e-01
    1126   1.6240e+05      5.7492e-01
    1127   1.6250e+05      5.7260e-01
    1128   1.6260e+05      5.6760e-01
    1129   1.6270e+05      5.6259e-01
    1130   1.6280e+05      5.5757e-01
    1131   1.6290e+05      5.5255e-01
    1132   1.6300e+05      5.4484e-01
    1133   1.6310e+05      5.3711e-01
    1134   1.6320e+05      5.2965e-01
    1135   1.6330e+05      5.2191e-01
    1136   1.6340e+05      5.1416e-01
    1137   1.6350e+05      5.0370e-01
    1138   1.6360e+05      4.9324e-01
    1139   1.6370e+05      4.8275e-01
    1140   1.6380e+05      4.7226e-01
    1141   1.6390e+05      4.6175e-01
    1142   1.6400e+05      4.5123e-01
    1143   1.6410e+05      4.3800e-01
    1144   1.6420e+05      4.2745e-01
    1145   1.6430e+05      4.1419e-01
    1146   1.6440e+05      4.0361e-01
    1147   1.6450e+05      3.9031e-01
    1148   1.6460e+05      3.7700e-01
    1149   1.6470e+05      3.6638e-01
    1150   1.6480e+05      3.5303e-01
    1151   1.6490e+05      3.3967e-01
    1152   1.6500e+05      3.2901e-01
    1153   1.6510e+05      3.1562e-01
    1154   1.6520e+05      3.0493e-01
    1155   1.6530e+05      2.9150e-01
    1156   1.6540e+05      2.8079e-01
    1157   1.6550e+05      2.6777e-01
    1158   1.6560e+05      2.5618e-01
    1159   1.6570e+05      2.4487e-01
    1160   1.6580e+05      2.3407e-01
    1161   1.6590e+05      2.2301e-01
    1162   1.6600e+05      2.1276e-01
    1163   1.6610e+05      2.0280e-01
    1164   1.6620e+05      1.9307e-01
    1165   1.6630e+05      1.8360e-01
    1166   1.6640e+05      1.7442e-01
    1167   1.6650e+05      1.6603e-01
    1168   1.6660e+05      1.5762e-01
    1169   1.6670e+05      1.4948e-01
    1170   1.6680e+05      1.4213e-01
    1171   1.6690e+05      1.3507e-01
    1172   1.6700e+05      1.2825e-01
    1173   1.6710e+05      1.2197e-01
    1174   1.6720e+05      1.1571e-01
    1175   1.6730e+05      1.0997e-01
    1176   1.6740e+05      1.0480e-01
    1177   1.6750e+05      9.9344e-02
    1178   1.6760e+05      9.4712e-02
    1179   1.6770e+05      9.0350e-02
    1180   1.6780e+05      8.5983e-02
    1181   1.6790e+05      8.2164e-02
    1182   1.6800e+05      7.8368e-02
    1183   1.6810e+05      7.4789e-02
    1184   1.6820e+05      7.1510e-02
    1185   1.6830e+05      6.8227e-02
    1186   1.6840e+05      6.5494e-02
    1187   1.6850e+05      6.2731e-02
    1188   1.6860e+05      5.9992e-02
    1189   1.6870e+05      5.7528e-02
    1190   1.6880e+05      5.5033e-02
    1191   1.6890e+05      5.2840e-02
    1192   1.6900e+05      5.0896e-02
    1193   1.6910e+05      4.8699e-02
    1194   1.6920e+05      4.7028e-02
    1195   1.6930e+05      4.5104e-02
    1196   1.6940e+05      4.3457e-02
    1197   1.6950e+05      4.2088e-02
    1198   1.6960e+05      4.0437e-02
    1199   1.6970e+05      3.9064e-02
    1200   1.6980e+05      3.7689e-02
    1201   1.6990e+05      3.6592e-02
    1202   1.7000e+05      3.5494e-02
    1203   1.7010e+05      3.4394e-02
    1204   1.7020e+05      3.3293e-02
    1205   1.7030e+05      3.2191e-02
    1206   1.7040e+05      3.1340e-02
    1207   1.7050e+05      3.0264e-02
    1208   1.7060e+05      2.9411e-02
    1209   1.7070e+05      2.8585e-02
    1210   1.7080e+05      2.7676e-02
    1211   1.7090e+05      2.6809e-02
    1212   1.7100e+05      2.5960e-02
    1213   1.7110e+05      2.5085e-02
    1214   1.7120e+05      2.4189e-02
    1215   1.7130e+05      2.3309e-02
    1216   1.7140e+05      2.2406e-02
    1217   1.7150e+05      2.1450e-02
    1218   1.7160e+05      2.0516e-02
    1219   1.7170e+05      1.9522e-02
    1220   1.7180e+05      1.8498e-02
    1221   1.7190e+05      1.7467e-02
    1222   1.7200e+05      1.6440e-02
    1223   1.7210e+05      1.5382e-02
    1224   1.7220e+05      1.4324e-02
    1225   1.7230e+05      1.3260e-02
    1226   1.7240e+05      1.2223e-02
    1227   1.7250e+05      1.1154e-02
    1228   1.7260e+05      1.0137e-02
    1229   1.7270e+05      9.1167e-03
    1230   1.7280e+05      8.0920e-03
    1231   1.7290e+05      7.1031e-03
    1232   1.7300e+05      6.1957e-03
    1233   1.7310e+05      5.2644e-03
    1234   1.7320e+05      4.4290e-03
    1235   1.7330e+05      3.5669e-03
    1236   1.7340e+05      2.7878e-03
    1237   1.7350e+05      1.8864e-03
    1238   1.7360e+05      2.0018e-03
    1239   1.7370e+05      1.2653e-03
    1240   1.7380e+05      6.5935e-03
    1241   1.7390e+05      7.0697e-03
    1242   1.7400e+05      7.1225e-03
    1243   1.7410e+05      6.7224e-03
    1244   1.7420e+05      5.8199e-03
    1245   1.7430e+05      4.5633e-03
    1246   1.7440e+05      3.0411e-03
    1247   1.7450e+05      1.2565e-03
    1248   1.7460e+05      3.2659e-03
    1249   1.7470e+05      6.7398e-04
    1250   1.7480e+05      1.8510e-03
    1251   1.7490e+05      2.5351e-03
    1252   1.7500e+05      2.9103e-03
    1253   1.7510e+05      3.9355e-03
    1254   1.7520e+05      3.8310e-03
    1255   1.7530e+05      3.1693e-03
    1256   1.7540e+05      2.6594e-03
    1257   1.7550e+05      2.2225e-03
    1258   1.7560e+05      1.8262e-03
    1259   1.7570e+05      1.4555e-03
    1260   1.7580e+05      1.0516e-03
    1261   1.7590e+05      1.2147e-03
    1262   1.7600e+05      1.0998e-03
    1263   1.7610e+05      1.0027e-03
    1264   1.7620e+05      9.1999e-04
    1265   1.7630e+05      8.5230e-04
    1266   1.7640e+05      7.6913e-04
    1267   1.7650e+05      6.3472e-04
    1268   1.7660e+05      5.9495e-04
    1269   1.7670e+05      5.4408e-04
    1270   1.7680e+05      4.9344e-04
    1271   1.7690e+05      4.4449e-04
    1272   1.7700e+05      3.9840e-04
    1273   1.7710e+05      3.4672e-04
    1274   1.7720e+05      3.2387e-04
    1275   1.7730e+05      3.0216e-04
    1276   1.7740e+05      2.8410e-04
    1277   1.7750e+05      2.6824e-04
    1278   1.7760e+05      2.5348e-04
    1279   1.7770e+05      2.3747e-04
    1280   1.7780e+05      2.2385e-04
    1281   1.7790e+05      2.1167e-04
    1282   1.7800e+05      2.0094e-04
    1283   1.7810e+05      1.9182e-04
    1284   1.7820e+05      1.8312e-04
    1285   1.7830e+05      1.7533e-04
    1286   1.7840e+05      1.6823e-04
    1287   1.7850e+05      1.6192e-04
    1288   1.7860e+05      1.5589e-04
    1289   1.7870e+05      1.5054e-04
    1290   1.7880e+05      1.4508e-04
    1291   1.7890e+05      1.4248e-04
    1292   1.7900e+05      1.3979e-04
    1293   1.7910e+05      1.3737e-04
    1294   1.7920e+05      1.3488e-04
    1295   1.7930e+05      1.3268e-04
    1296   1.7940e+05      1.3042e-04
    1297   1.7950e+05      1.2816e-04
    1298   1.7960e+05      1.4402e-04
    1299   1.7970e+05      1.4880e-04
    1300   1.7980e+05      1.5001e-04
    1301   1.7990e+05      1.4938e-04
    1302   1.8000e+05      1.4852e-04
    1303   1.8010e+05      1.4685e-04
    1304   1.8020e+05      1.4619e-04
    1305   1.8030e+05      1.4295e-04
    1306   1.8040e+05      1.3688e-04
    1307   1.8050e+05      1.1873e-04
    1308   1.8060e+05      1.1942e-04
    1309   1.8070e+05      1.1994e-04
    1310   1.8080e+05      1.2018e-04
    1311   1.8090e+05      1.2081e-04
    1312   1.8100e+05      1.2112e-04
    1313   1.8110e+05      1.2181e-04
    1314   1.8120e+05      1.2218e-04
    1315   1.8130e+05      1.2269e-04
    1316   1.8140e+05      1.2285e-04
    1317   1.8150e+05      1.2283e-04
    1318   1.8160e+05      1.2308e-04
    1319   1.8170e+05      1.2329e-04
    1320   1.8180e+05      1.2330e-04
    1321   1.8190e+05      1.4164e-04
    1322   1.8200e+05      1.4855e-04
    1323   1.8210e+05      1.5145e-04
    1324   1.8220e+05      1.5174e-04
    1325   1.8230e+05      1.5072e-04
    1326   1.8240e+05      1.4903e-04
    1327   1.8250e+05      1.4577e-04
    1328   1.8260e+05      1.4146e-04
    1329   1.8270e+05      1.3543e-04
    1330   1.8280e+05      1.2883e-04
    1331   1.8290e+05      1.1896e-04
    1332   1.8300e+05      1.1776e-04
    1333   1.8310e+05      1.1625e-04
    1334   1.8320e+05      1.1445e-04
    1335   1.8330e+05      1.1297e-04
    1336   1.8340e+05      1.1149e-04
    1337   1.8350e+05      1.1004e-04
    1338   1.8360e+05      1.0856e-04
    1339   1.8370e+05      1.0711e-04
    1340   1.8380e+05      1.0565e-04
    1341   1.8390e+05      1.0392e-04
    1342   1.8400e+05      1.0165e-04
    1343   1.8410e+05      9.9368e-05
    1344   1.8420e+05      9.7117e-05
    1345   1.8430e+05      9.5136e-05
    1346   1.8440e+05      9.2850e-05
    1347   1.8450e+05      8.6672e-05
    1348   1.8460e+05      9.6902e-05
    1349   1.8470e+05      9.9205e-05
    1350   1.8480e+05      9.9624e-05
    1351   1.8490e+05      9.9099e-05
    1352   1.8500e+05      9.8056e-05
    1353   1.8510e+05      9.6585e-05
    1354   1.8520e+05      9.4533e-05
    1355   1.8530e+05      9.2693e-05
    1356   1.8540e+05      9.0514e-05
    1357   1.8550e+05      8.7753e-05
    1358   1.8560e+05      8.4897e-05
    1359   1.8570e+05      8.1763e-05
    1360   1.8580e+05      7.8595e-05
    1361   1.8590e+05      7.6219e-05
    1362   1.8600e+05      7.5126e-05
    1363   1.8610e+05      7.4799e-05
    1364   1.8620e+05      7.3920e-05
    1365   1.8630e+05      7.2180e-05
    1366   1.8640e+05      6.8321e-05
    1367   1.8650e+05      6.1110e-05
    1368   1.8660e+05      6.0467e-05
    1369   1.8670e+05      5.9823e-05
    1370   1.8680e+05      5.9486e-05
    1371   1.8690e+05      5.8902e-05
    1372   1.8700e+05      5.8287e-05
    1373   1.8710e+05      5.8041e-05
    1374   1.8720e+05      5.7487e-05
    1375   1.8730e+05      5.7271e-05
    1376   1.8740e+05      6.4059e-05
    1377   1.8750e+05      6.5729e-05
    1378   1.8760e+05      6.6197e-05
    1379   1.8770e+05      6.5614e-05
    1380   1.8780e+05      6.4134e-05
    1381   1.8790e+05      6.0981e-05
    1382   1.8800e+05      5.4420e-05
    1383   1.8810e+05      5.3953e-05
    1384   1.8820e+05      5.3796e-05
    1385   1.8830e+05      5.3298e-05
    1386   1.8840e+05      5.2830e-05
    1387   1.8850e+05      5.2361e-05
    1388   1.8860e+05      5.2172e-05
    1389   1.8870e+05      5.1702e-05
    1390   1.8880e+05      5.1201e-05
    1391   1.8890e+05      5.0699e-05
    1392   1.8900e+05      5.0477e-05
    1393   1.8910e+05      4.9632e-05
    1394   1.8920e+05      5.3677e-05
    1395   1.8930e+05      5.5357e-05
    1396   1.8940e+05      5.6447e-05
    1397   1.8950e+05      5.7101e-05
    1398   1.8960e+05      5.7193e-05
    1399   1.8970e+05      5.6724e-05
    1400   1.8980e+05      5.5691e-05
    1401   1.8990e+05      5.2562e-05
    1402   1.9000e+05      4.5363e-05
    1403   1.9010e+05      4.4792e-05
    1404   1.9020e+05      4.4221e-05
    1405   1.9030e+05      4.3649e-05
    1406   1.9040e+05      4.3076e-05
    1407   1.9050e+05      4.2503e-05
    1408   1.9060e+05      4.2211e-05
    1409   1.9070e+05      4.1605e-05
    1410   1.9080e+05      4.1973e-05
    1411   1.9090e+05      4.7496e-05
    1412   1.9100e+05      4.7898e-05
    1413   1.9110e+05      4.7608e-05
    1414   1.9120e+05      4.6752e-05
    1415   1.9130e+05      4.5264e-05
    1416   1.9140e+05      4.3775e-05
    1417   1.9150e+05      4.2347e-05
    1418   1.9160e+05      4.1013e-05
    1419   1.9170e+05      3.9740e-05
    1420   1.9180e+05      3.9129e-05
    1421   1.9190e+05      3.8834e-05
    1422   1.9200e+05      3.8822e-05
    1423   1.9210e+05      3.9159e-05
    1424   1.9220e+05      3.9717e-05
    1425   1.9230e+05      4.0435e-05
    1426   1.9240e+05      4.1089e-05
    1427   1.9250e+05      4.1935e-05
    1428   1.9260e+05      4.2305e-05
    1429   1.9270e+05      4.2454e-05
    1430   1.9280e+05      4.2413e-05
    1431   1.9290e+05      4.2371e-05
    1432   1.9300e+05      4.1916e-05
    1433   1.9310e+05      4.1270e-05
    1434   1.9320e+05      4.0465e-05
    1435   1.9330e+05      3.9594e-05
    1436   1.9340e+05      3.8946e-05
    1437   1.9350e+05      3.8138e-05
    1438   1.9360e+05      3.7775e-05
    1439   1.9370e+05      3.7221e-05
    1440   1.9380e+05      3.6984e-05
    1441   1.9390e+05      3.6429e-05
    1442   1.9400e+05      3.6032e-05
    1443   1.9410e+05      3.5252e-05
    1444   1.9420e+05      3.4631e-05
    1445   1.9430e+05      3.3593e-05
    1446   1.9440e+05      3.2810e-05
    1447   1.9450e+05      3.2218e-05
    1448   1.9460e+05      3.1709e-05
    1449   1.9470e+05      3.1943e-05
    1450   1.9480e+05      3.2172e-05
    1451   1.9490e+05      3.2766e-05
    1452   1.9500e+05      3.3072e-05
    1453   1.9510e+05      3.3570e-05
    1454   1.9520e+05      3.3652e-05
    1455   1.9530e+05      3.3862e-05
    1456   1.9540e+05      3.3622e-05
    1457   1.9550e+05      3.3478e-05
    1458   1.9560e+05      3.2819e-05
    1459   1.9570e+05      3.2224e-05
    1460   1.9580e+05      3.1121e-05
    1461   1.9590e+05      3.0040e-05
    1462   1.9600e+05      2.8374e-05
    1463   1.9610e+05      2.6891e-05
    1464   1.9620e+05      2.6106e-05
    1465   1.9630e+05      2.6850e-05
    1466   1.9640e+05      2.7646e-05
    1467   1.9650e+05      2.8178e-05
    1468   1.9660e+05      2.8513e-05
    1469   1.9670e+05      2.8615e-05
    1470   1.9680e+05      2.8607e-05
    1471   1.9690e+05      2.8492e-05
    1472   1.9700e+05      2.8334e-05
    1473   1.9710e+05      2.8206e-05
    1474   1.9720e+05      2.8029e-05
    1475   1.9730e+05      2.7871e-05
    1476   1.9740e+05      2.7719e-05
    1477   1.9750e+05      2.7596e-05
    1478   1.9760e+05      2.7425e-05
    1479   1.9770e+05      2.7234e-05
    1480   1.9780e+05      2.7003e-05
    1481   1.9790e+05      2.6769e-05
    1482   1.9800e+05      2.6489e-05
    1483   1.9810e+05      2.6144e-05
    1484   1.9820e+05      2.5847e-05
    1485   1.9830e+05      2.5573e-05
    1486   1.9840e+05      2.5367e-05
    1487   1.9850e+05      2.5259e-05
    1488   1.9860e+05      2.5213e-05
    1489   1.9870e+05      2.5232e-05
    1490   1.9880e+05      2.5225e-05
    1491   1.9890e+05      2.5274e-05
    1492   1.9900e+05      2.5237e-05
    1493   1.9910e+05      2.5187e-05
    1494   1.9920e+05      2.5039e-05
    1495   1.9930e+05      2.4681e-05
    1496   1.9940e+05      2.4076e-05
    1497   1.9950e+05      2.2850e-05
    1498   1.9960e+05      2.1310e-05
    1499   1.9970e+05      2.2495e-05
    1500   1.9980e+05      2.4332e-05
    1501   1.9990e+05      2.5670e-05
    1502   2.0000e+05      2.6260e-05
    1503   2.0010e+05      2.4912e-05
    1504   2.0020e+05      2.2775e-05
    1505   2.0030e+05      2.1504e-05
    1506   2.0040e+05      2.1343e-05
    1507   2.0050e+05      2.1211e-05
    1508   2.0060e+05      2.1047e-05
    1509   2.0070e+05      2.0882e-05
    1510   2.0080e+05      2.0714e-05
    1511   2.0090e+05      2.0579e-05
    1512   2.0100e+05      2.0444e-05
    1513   2.0110e+05      2.0301e-05
    1514   2.0120e+05      2.1249e-05
    1515   2.0130e+05      2.2745e-05
    1516   2.0140e+05      2.3389e-05
    1517   2.0150e+05      2.3713e-05
    1518   2.0160e+05      2.3771e-05
    1519   2.0170e+05      2.3723e-05
    1520   2.0180e+05      2.3622e-05
    1521   2.0190e+05      2.3517e-05
    1522   2.0200e+05      2.3296e-05
    1523   2.0210e+05      2.2965e-05
    1524   2.0220e+05      2.2597e-05
    1525   2.0230e+05      2.2248e-05
    1526   2.0240e+05      2.1816e-05
    1527   2.0250e+05      2.1276e-05
    1528   2.0260e+05      2.0646e-05
    1529   2.0270e+05      1.9665e-05
    1530   2.0280e+05      1.8720e-05
    1531   2.0290e+05      1.9999e-05
    1532   2.0300e+05      2.0680e-05
    1533   2.0310e+05      2.0982e-05
    1534   2.0320e+05      2.1126e-05
    1535   2.0330e+05      2.1103e-05
    1536   2.0340e+05      2.1019e-05
    1537   2.0350e+05      2.0946e-05
    1538   2.0360e+05      2.0728e-05
    1539   2.0370e+05      2.0104e-05
    1540   2.0380e+05      1.7728e-05
    1541   2.0390e+05      1.6958e-05
    1542   2.0400e+05      1.6872e-05
    1543   2.0410e+05      1.6787e-05
    1544   2.0420e+05      1.6704e-05
    1545   2.0430e+05      1.6695e-05
    1546   2.0440e+05      1.8854e-05
    1547   2.0450e+05      1.9328e-05
    1548   2.0460e+05      1.9449e-05
    1549   2.0470e+05      1.9526e-05
    1550   2.0480e+05      1.9606e-05
    1551   2.0490e+05      1.9680e-05
    1552   2.0500e+05      1.9726e-05
    1553   2.0510e+05      1.9746e-05
    1554   2.0520e+05      1.9830e-05
    1555   2.0530e+05      1.9809e-05
    1556   2.0540e+05      1.9559e-05
    1557   2.0550e+05      1.9280e-05
    1558   2.0560e+05      1.8972e-05
    1559   2.0570e+05      1.8547e-05
    1560   2.0580e+05      1.7841e-05
    1561   2.0590e+05      1.5602e-05
    1562   2.0600e+05      1.6363e-05
    1563   2.0610e+05      1.6357e-05
    1564   2.0620e+05      1.6389e-05
    1565   2.0630e+05      1.6353e-05
    1566   2.0640e+05      1.6354e-05
    1567   2.0650e+05      1.6355e-05
    1568   2.0660e+05      1.6359e-05
    1569   2.0670e+05      1.6364e-05
    1570   2.0680e+05      1.9038e-05
    1571   2.0690e+05      1.9947e-05
    1572   2.0700e+05      2.0287e-05
    1573   2.0710e+05      2.0358e-05
    1574   2.0720e+05      2.0225e-05
    1575   2.0730e+05      2.0074e-05
    1576   2.0740e+05      1.9961e-05
    1577   2.0750e+05      1.9840e-05
    1578   2.0760e+05      1.9744e-05
    1579   2.0770e+05      1.9610e-05
    1580   2.0780e+05      1.9459e-05
    1581   2.0790e+05      1.9557e-05
    1582   2.0800e+05      1.9734e-05
    1583   2.0810e+05      1.9884e-05
    1584   2.0820e+05      2.0086e-05
    1585   2.0830e+05      2.0088e-05
    1586   2.0840e+05      1.9848e-05
    1587   2.0850e+05      1.9552e-05
    1588   2.0860e+05      1.9142e-05
    1589   2.0870e+05      1.8670e-05
    1590   2.0880e+05      1.8713e-05
    1591   2.0890e+05      1.9077e-05
    1592   2.0900e+05      1.9261e-05
    1593   2.0910e+05      1.9418e-05
    1594   2.0920e+05      1.9428e-05
    1595   2.0930e+05      1.9217e-05
    1596   2.0940e+05      1.8919e-05
    1597   2.0950e+05      1.8635e-05
    1598   2.0960e+05      1.8115e-05
    1599   2.0970e+05      1.6736e-05
    1600   2.0980e+05      1.5853e-05
    1601   2.0990e+05      1.5805e-05
    1602   2.1000e+05      1.5795e-05
    1603   2.1010e+05      1.5782e-05
    1604   2.1020e+05      1.5738e-05
    1605   2.1030e+05      1.7310e-05
    1606   2.1040e+05      1.8535e-05
    1607   2.1050e+05      1.9063e-05
    1608   2.1060e+05      1.9357e-05
    1609   2.1070e+05      1.9553e-05
    1610   2.1080e+05      1.9799e-05
    1611   2.1090e+05      1.9860e-05
    1612   2.1100e+05      1.9644e-05
    1613   2.1110e+05      1.9225e-05
    1614   2.1120e+05      1.8682e-05
    1615   2.1130e+05      1.7671e-05
    1616   2.1140e+05      1.5382e-05
    1617   2.1150e+05      1.5365e-05
    1618   2.1160e+05      1.5351e-05
    1619   2.1170e+05      1.5327e-05
    1620   2.1180e+05      1.5275e-05
    1621   2.1190e+05      1.5251e-05
    1622   2.1200e+05      1.5230e-05
    1623   2.1210e+05      1.5174e-05
    1624   2.1220e+05      1.5150e-05
    1625   2.1230e+05      1.5129e-05
    1626   2.1240e+05      1.5105e-05
    1627   2.1250e+05      1.5046e-05
    1628   2.1260e+05      1.5063e-05
    1629   2.1270e+05      1.5081e-05
    1630   2.1280e+05      1.4927e-05
    1631   2.1290e+05      1.6753e-05
    1632   2.1300e+05      1.7515e-05
    1633   2.1310e+05      1.7916e-05
    1634   2.1320e+05      1.8023e-05
    1635   2.1330e+05      1.7898e-05
    1636   2.1340e+05      1.7492e-05
    1637   2.1350e+05      1.6804e-05
    1638   2.1360e+05      1.6689e-05
    1639   2.1370e+05      1.7548e-05
    1640   2.1380e+05      1.8292e-05
    1641   2.1390e+05      1.8875e-05
    1642   2.1400e+05      1.9334e-05
    1643   2.1410e+05      1.9393e-05
    1644   2.1420e+05      1.9046e-05
    1645   2.1430e+05      1.8448e-05
    1646   2.1440e+05      1.6974e-05
    1647   2.1450e+05      1.5046e-05
    1648   2.1460e+05      1.5071e-05
    1649   2.1470e+05      1.6771e-05
    1650   2.1480e+05      1.8123e-05
    1651   2.1490e+05      1.8973e-05
    1652   2.1500e+05      1.9365e-05
    1653   2.1510e+05      1.8938e-05
    1654   2.1520e+05      1.7288e-05
    1655   2.1530e+05      1.5084e-05
    1656   2.1540e+05      1.5106e-05
    1657   2.1550e+05      1.5084e-05
    1658   2.1560e+05      1.5088e-05
    1659   2.1570e+05      1.8653e-05
    1660   2.1580e+05      1.9778e-05
    1661   2.1590e+05      2.0349e-05
    1662   2.1600e+05      2.0504e-05
    1663   2.1610e+05      2.0229e-05
    1664   2.1620e+05      1.9757e-05
    1665   2.1630e+05      1.9232e-05
    1666   2.1640e+05      1.8725e-05
    1667   2.1650e+05      1.8373e-05
    1668   2.1660e+05      1.8385e-05
    1669   2.1670e+05      1.8312e-05
    1670   2.1680e+05      1.8324e-05
    1671   2.1690e+05      1.8829e-05
    1672   2.1700e+05      1.9495e-05
    1673   2.1710e+05      2.0086e-05
    1674   2.1720e+05      2.0650e-05
    1675   2.1730e+05      2.1007e-05
    1676   2.1740e+05      2.0909e-05
    1677   2.1750e+05      2.0539e-05
    1678   2.1760e+05      1.9957e-05
    1679   2.1770e+05      1.8833e-05
    1680   2.1780e+05      1.7071e-05
    1681   2.1790e+05      1.7491e-05
    1682   2.1800e+05      1.8500e-05
    1683   2.1810e+05      1.9033e-05
    1684   2.1820e+05      1.9653e-05
    1685   2.1830e+05      1.9820e-05
    1686   2.1840e+05      1.8930e-05
    1687   2.1850e+05      1.5701e-05
    1688   2.1860e+05      1.4804e-05
    1689   2.1870e+05      1.4811e-05
    1690   2.1880e+05      1.4753e-05
    1691   2.1890e+05      1.4763e-05
    1692   2.1900e+05      1.4774e-05
    1693   2.1910e+05      1.4744e-05
    1694   2.1920e+05      1.4722e-05
    1695   2.1930e+05      1.4689e-05
    1696   2.1940e+05      1.4700e-05
    1697   2.1950e+05      1.4638e-05
    1698   2.1960e+05      1.4648e-05
    1699   2.1970e+05      1.4590e-05
    1700   2.1980e+05      1.7835e-05
    1701   2.1990e+05      1.9324e-05
    1702   2.2000e+05      2.0224e-05
    1703   2.2010e+05      2.0926e-05
    1704   2.2020e+05      2.1222e-05
    1705   2.2030e+05      2.1195e-05
    1706   2.2040e+05      2.0998e-05
    1707   2.2050e+05      2.0630e-05
    1708   2.2060e+05      2.0214e-05
    1709   2.2070e+05      2.0049e-05
    1710   2.2080e+05      2.0214e-05
    1711   2.2090e+05      2.0460e-05
    1712   2.2100e+05      2.0724e-05
    1713   2.2110e+05      2.1068e-05
    1714   2.2120e+05      2.1023e-05
    1715   2.2130e+05      2.0428e-05
    1716   2.2140e+05      1.9536e-05
    1717   2.2150e+05      1.8356e-05
    1718   2.2160e+05      1.6190e-05
    1719   2.2170e+05      1.3302e-05
    1720   2.2180e+05      1.3243e-05
    1721   2.2190e+05      1.3157e-05
    1722   2.2200e+05      1.3101e-05
    1723   2.2210e+05      1.3045e-05
    1724   2.2220e+05      1.2985e-05
    1725   2.2230e+05      1.2928e-05
    1726   2.2240e+05      1.2846e-05
    1727   2.2250e+05      1.2790e-05
    1728   2.2260e+05      1.2770e-05
    1729   2.2270e+05      1.2721e-05
    1730   2.2280e+05      1.2671e-05
    1731   2.2290e+05      1.2618e-05
    1732   2.2300e+05      1.3659e-05
    1733   2.2310e+05      1.7975e-05
    1734   2.2320e+05      1.9629e-05
    1735   2.2330e+05      2.0616e-05
    1736   2.2340e+05      2.1390e-05
    1737   2.2350e+05      2.2173e-05
    1738   2.2360e+05      2.2742e-05
    1739   2.2370e+05      2.2627e-05
    1740   2.2380e+05      2.1926e-05
    1741   2.2390e+05      2.0513e-05
    1742   2.2400e+05      1.7110e-05
    1743   2.2410e+05      1.2387e-05
    1744   2.2420e+05      1.2382e-05
    1745   2.2430e+05      1.2409e-05
    1746   2.2440e+05      1.2422e-05
    1747   2.2450e+05      1.4568e-05
    1748   2.2460e+05      1.7792e-05
    1749   2.2470e+05      1.8048e-05
    1750   2.2480e+05      1.5835e-05
    1751   2.2490e+05      1.2491e-05
    1752   2.2500e+05      1.2526e-05
    1753   2.2510e+05      1.2480e-05
    1754   2.2520e+05      1.2519e-05
    1755   2.2530e+05      1.2520e-05
    1756   2.2540e+05      1.2533e-05
    1757   2.2550e+05      1.2583e-05
    1758   2.2560e+05      1.2637e-05
    1759   2.2570e+05      1.2721e-05
    1760   2.2580e+05      1.2768e-05
    1761   2.2590e+05      1.2825e-05
    1762   2.2600e+05      1.2883e-05
    1763   2.2610e+05      1.2941e-05
    1764   2.2620e+05      1.3021e-05
    1765   2.2630e+05      1.3079e-05
    1766   2.2640e+05      1.3197e-05
    1767   2.2650e+05      1.3232e-05
    1768   2.2660e+05      1.3290e-05
    1769   2.2670e+05      1.3348e-05
    1770   2.2680e+05      1.3410e-05
    1771   2.2690e+05      1.3502e-05
    1772   2.2700e+05      1.3538e-05
    1773   2.2710e+05      1.3600e-05
    1774   2.2720e+05      1.3692e-05
    1775   2.2730e+05      1.3754e-05
    1776   2.2740e+05      1.3824e-05
    1777   2.2750e+05      1.3886e-05
    1778   2.2760e+05      1.3889e-05
    1779   2.2770e+05      1.3951e-05
    1780   2.2780e+05      1.3991e-05
    1781   2.2790e+05      1.4027e-05
    1782   2.2800e+05      1.4067e-05
    1783   2.2810e+05      1.4103e-05
    1784   2.2820e+05      1.4170e-05
    1785   2.2830e+05      1.4210e-05
    1786   2.2840e+05      1.4253e-05
    1787   2.2850e+05      1.4293e-05
    1788   2.2860e+05      1.4360e-05
    1789   2.2870e+05      1.4400e-05
    1790   2.2880e+05      1.4482e-05
    1791   2.2890e+05      1.4548e-05
    1792   2.2900e+05      1.4570e-05
    1793   2.2910e+05      1.4640e-05
    1794   2.2920e+05      1.4718e-05
    1795   2.2930e+05      1.4789e-05
    1796   2.2940e+05      1.4841e-05
    1797   2.2950e+05      1.4859e-05
    1798   2.2960e+05      1.4873e-05
    1799   2.2970e+05      1.4906e-05
    1800   2.2980e+05      1.4897e-05
    1801   2.2990e+05      1.4888e-05
    1802   2.3000e+05      1.4959e-05
    1803   2.3010e+05      1.4951e-05
    1804   2.3020e+05      1.7834e-05
    1805   2.3030e+05      2.3731e-05
    1806   2.3040e+05      2.2451e-05
    1807   2.3050e+05      1.5033e-05
    1808   2.3060e+05      1.5032e-05
    1809   2.3070e+05      1.5077e-05
    1810   2.3080e+05      1.5080e-05
    1811   2.3090e+05      1.5109e-05
    1812   2.3100e+05      1.5142e-05
    1813   2.3110e+05      1.5217e-05
    1814   2.3120e+05      1.5250e-05
    1815   2.3130e+05      1.5284e-05
    1816   2.3140e+05      1.5347e-05
    1817   2.3150e+05      1.5407e-05
    1818   2.3160e+05      2.6134e-05
    1819   2.3170e+05      3.5393e-05
    1820   2.3180e+05      4.1908e-05
    1821   2.3190e+05      4.6814e-05
    1822   2.3200e+05      4.8515e-05
    1823   2.3210e+05      4.7771e-05
    1824   2.3220e+05      4.6224e-05
    1825   2.3230e+05      4.4714e-05
    1826   2.3240e+05      4.2782e-05
    1827   2.3250e+05      4.0465e-05
    1828   2.3260e+05      3.8606e-05
    1829   2.3270e+05      3.7071e-05
    1830   2.3280e+05      3.4955e-05
    1831   2.3290e+05      3.1994e-05
    1832   2.3300e+05      2.8095e-05
    1833   2.3310e+05      2.3850e-05
    1834   2.3320e+05      2.0340e-05
    1835   2.3330e+05      1.5727e-05
    1836   2.3340e+05      1.6948e-05
    1837   2.3350e+05      1.7071e-05
    1838   2.3360e+05      1.7182e-05
    1839   2.3370e+05      1.7309e-05
    1840   2.3380e+05      1.7393e-05
    1841   2.3390e+05      1.2863e-05
    1842   2.3400e+05      1.9566e-05
    1843   2.3410e+05      2.2750e-05
    1844   2.3420e+05      2.4406e-05
    1845   2.3430e+05      2.4467e-05
    1846   2.3440e+05      2.4130e-05
    1847   2.3450e+05      2.4963e-05
    1848   2.3460e+05      2.4294e-05
    1849   2.3470e+05      1.3850e-05
    1850   2.3480e+05      1.8519e-05
    1851   2.3490e+05      1.8654e-05
    1852   2.3500e+05      1.8763e-05
    1853   2.3510e+05      1.8891e-05
    1854   2.3520e+05      1.9023e-05
    1855   2.3530e+05      1.9171e-05
    1856   2.3540e+05      1.9318e-05
    1857   2.3550e+05      1.9470e-05
    1858   2.3560e+05      1.9595e-05
    1859   2.3570e+05      1.9731e-05
    1860   2.3580e+05      1.9879e-05
    1861   2.3590e+05      2.0062e-05
    1862   2.3600e+05      2.0242e-05
    1863   2.3610e+05      2.0421e-05
    1864   2.3620e+05      2.0601e-05
    1865   2.3630e+05      2.0754e-05
    1866   2.3640e+05      2.0946e-05
    1867   2.3650e+05      2.1118e-05
    1868   2.3660e+05      2.1306e-05
    1869   2.3670e+05      2.1475e-05
    1870   2.3680e+05      2.1679e-05
    1871   2.3690e+05      2.6205e-05
    1872   2.3700e+05      3.5352e-05
    1873   2.3710e+05      4.1500e-05
    1874   2.3720e+05      4.6595e-05
    1875   2.3730e+05      5.0834e-05
    1876   2.3740e+05      5.3670e-05
    1877   2.3750e+05      5.3928e-05
    1878   2.3760e+05      4.8708e-05
    1879   2.3770e+05      3.2435e-05
    1880   2.3780e+05      2.3736e-05
    1881   2.3790e+05      2.3981e-05
    1882   2.3800e+05      2.4254e-05
    1883   2.3810e+05      2.4523e-05
    1884   2.3820e+05      2.4812e-05
    1885   2.3830e+05      2.5120e-05
    1886   2.3840e+05      4.3415e-05
    1887   2.3850e+05      5.6864e-05
    1888   2.3860e+05      6.3410e-05
    1889   2.3870e+05      6.6070e-05
    1890   2.3880e+05      6.6058e-05
    1891   2.3890e+05      6.4394e-05
    1892   2.3900e+05      6.3162e-05
    1893   2.3910e+05      6.1850e-05
    1894   2.3920e+05      5.7858e-05
    1895   2.3930e+05      5.0120e-05
    1896   2.3940e+05      3.7314e-05
    1897   2.3950e+05      2.8851e-05
    1898   2.3960e+05      2.9183e-05
    1899   2.3970e+05      2.9511e-05
    1900   2.3980e+05      2.9839e-05
    1901   2.3990e+05      3.0187e-05
    1902   2.4000e+05      1.6601e-05
    1903   2.4010e+05      5.1118e-05
    1904   2.4020e+05      6.6169e-05
    1905   2.4030e+05      7.5811e-05
    1906   2.4040e+05      7.8336e-05
    1907   2.4050e+05      7.5676e-05
    1908   2.4060e+05      7.2895e-05
    1909   2.4070e+05      7.1181e-05
    1910   2.4080e+05      6.9268e-05
    1911   2.4090e+05      6.7075e-05
    1912   2.4100e+05      6.5635e-05
    1913   2.4110e+05      6.5424e-05
    1914   2.4120e+05      6.4935e-05
    1915   2.4130e+05      6.4445e-05
    1916   2.4140e+05      6.3836e-05
    1917   2.4150e+05      6.4101e-05
    1918   2.4160e+05      6.5162e-05
    1919   2.4170e+05      6.7417e-05
    1920   2.4180e+05      7.0073e-05
    1921   2.4190e+05      7.2572e-05
    1922   2.4200e+05      7.3000e-05
    1923   2.4210e+05      7.0678e-05
    1924   2.4220e+05      6.3489e-05
    1925   2.4230e+05      4.6081e-05
    1926   2.4240e+05      3.8684e-05
    1927   2.4250e+05      3.9263e-05
    1928   2.4260e+05      3.9706e-05
    1929   2.4270e+05      4.0282e-05
    1930   2.4280e+05      4.0699e-05
    1931   2.4290e+05      4.1315e-05
    1932   2.4300e+05      4.1892e-05
    1933   2.4310e+05      6.1323e-05
    1934   2.4320e+05      7.4964e-05
    1935   2.4330e+05      7.9962e-05
    1936   2.4340e+05      8.0236e-05
    1937   2.4350e+05      7.8545e-05
    1938   2.4360e+05      7.5769e-05
    1939   2.4370e+05      7.2068e-05
    1940   2.4380e+05      6.9007e-05
    1941   2.4390e+05      6.8272e-05
    1942   2.4400e+05      6.9867e-05
    1943   2.4410e+05      7.2187e-05
    1944   2.4420e+05      7.3985e-05
    1945   2.4430e+05      7.4941e-05
    1946   2.4440e+05      7.6420e-05
    1947   2.4450e+05      8.1081e-05
    1948   2.4460e+05      8.8002e-05
    1949   2.4470e+05      9.4525e-05
    1950   2.4480e+05      1.0021e-04
    1951   2.4490e+05      1.0601e-04
    1952   2.4500e+05      1.1130e-04
    1953   2.4510e+05      1.1304e-04
    1954   2.4520e+05      1.0994e-04
    1955   2.4530e+05      1.0413e-04
    1956   2.4540e+05      9.8553e-05
    1957   2.4550e+05      9.2934e-05
    1958   2.4560e+05      8.5854e-05
    1959   2.4570e+05      7.6786e-05
    1960   2.4580e+05      6.6011e-05
    1961   2.4590e+05      4.9195e-05
    1962   2.4600e+05      6.7118e-05
    1963   2.4610e+05      6.8645e-05
    1964   2.4620e+05      6.9970e-05
    1965   2.4630e+05      7.1499e-05
    1966   2.4640e+05      3.4287e-05
    1967   2.4650e+05      8.5682e-05
    1968   2.4660e+05      1.1349e-04
    1969   2.4670e+05      1.3275e-04
    1970   2.4680e+05      1.4499e-04
    1971   2.4690e+05      1.5026e-04
    1972   2.4700e+05      1.4999e-04
    1973   2.4710e+05      1.4432e-04
    1974   2.4720e+05      1.3461e-04
    1975   2.4730e+05      1.2098e-04
    1976   2.4740e+05      1.0689e-04
    1977   2.4750e+05      9.4750e-05
    1978   2.4760e+05      8.7409e-05
    1979   2.4770e+05      8.3448e-05
    1980   2.4780e+05      8.0748e-05
    1981   2.4790e+05      7.5025e-05
    1982   2.4800e+05      6.7909e-05
    1983   2.4810e+05      6.9243e-05
    1984   2.4820e+05      8.1818e-05
    1985   2.4830e+05      9.5220e-05
    1986   2.4840e+05      1.0720e-04
    1987   2.4850e+05      1.2017e-04
    1988   2.4860e+05      1.3561e-04
    1989   2.4870e+05      1.4374e-04
    1990   2.4880e+05      1.3773e-04
    1991   2.4890e+05      1.1738e-04
    1992   2.4900e+05      8.8109e-05
    1993   2.4910e+05      1.4811e-05
    1994   2.4920e+05      1.9179e-04
    1995   2.4930e+05      2.0139e-04
    1996   2.4940e+05      2.1338e-04
    1997   2.4950e+05      2.2669e-04
    1998   2.4960e+05      2.4178e-04
    1999   2.4970e+05      2.5553e-04
    2000   2.4980e+05      2.7114e-04
    2001   2.4990e+05      2.8845e-04
    2002   2.5000e+05      3.0626e-04
    2003   2.5010e+05      3.2932e-04
    2004   2.5020e+05      3.5096e-04
    2005   2.5030e+05      3.7468e-04
    2006   2.5040e+05      4.0047e-04
    2007   2.5050e+05      4.3144e-04
    2008   2.5060e+05      4.5513e-04
    2009   2.5070e+05      4.8710e-04
    2010   2.5080e+05      5.1951e-04
    2011   2.5090e+05      5.5648e-04
    2012   2.5100e+05      5.9183e-04
    2013   2.5110e+05      6.3341e-04
    2014   2.5120e+05      1.1151e-04
    2015   2.5130e+05      1.5095e-04
    2016   2.5140e+05      1.7009e-04
    2017   2.5150e+05      1.7749e-04
    2018   2.5160e+05      1.7516e-04
    2019   2.5170e+05      1.7568e-04
    2020   2.5180e+05      2.0598e-04
    2021   2.5190e+05      2.6873e-04
    2022   2.5200e+05      3.3950e-04
    2023   2.5210e+05      4.0784e-04
    2024   2.5220e+05      4.7673e-04
    2025   2.5230e+05      5.4837e-04
    2026   2.5240e+05      6.0926e-04
    2027   2.5250e+05      6.4776e-04
    2028   2.5260e+05      6.6507e-04
    2029   2.5270e+05      6.7074e-04
    2030   2.5280e+05      6.7641e-04
    2031   2.5290e+05      6.8376e-04
    2032   2.5300e+05      6.9195e-04
    2033   2.5310e+05      6.9430e-04
    2034   2.5320e+05      6.7582e-04
    2035   2.5330e+05      6.3896e-04
    2036   2.5340e+05      5.9791e-04
    2037   2.5350e+05      5.5348e-04
    2038   2.5360e+05      4.9315e-04
    2039   2.5370e+05      4.2275e-04
    2040   2.5380e+05      3.9793e-04
    2041   2.5390e+05      4.5904e-04
    2042   2.5400e+05      5.4245e-04
    2043   2.5410e+05      6.0374e-04
    2044   2.5420e+05      6.4500e-04
    2045   2.5430e+05      6.8001e-04
    2046   2.5440e+05      7.1714e-04
    2047   2.5450e+05      7.5891e-04
    2048   2.5460e+05      8.0280e-04
    2049   2.5470e+05      8.4254e-04
    2050   2.5480e+05      8.7476e-04
    2051   2.5490e+05      9.0028e-04
    2052   2.5500e+05      9.2289e-04
    2053   2.5510e+05      9.4593e-04
    2054   2.5520e+05      9.6101e-04
    2055   2.5530e+05      9.7652e-04
    2056   2.5540e+05      9.8994e-04
    2057   2.5550e+05      9.9832e-04
    2058   2.5560e+05      1.0059e-03
    2059   2.5570e+05      1.0042e-03
    2060   2.5580e+05      9.9823e-04
    2061   2.5590e+05      9.8640e-04
    2062   2.5600e+05      9.6993e-04
    2063   2.5610e+05      9.5428e-04
    2064   2.5620e+05      9.4073e-04
    2065   2.5630e+05      9.2886e-04
    2066   2.5640e+05      9.1740e-04
    2067   2.5650e+05      9.0594e-04
    2068   2.5660e+05      8.9615e-04
    2069   2.5670e+05      8.8551e-04
    2070   2.5680e+05      8.8078e-04
    2071   2.5690e+05      8.7478e-04
    2072   2.5700e+05      8.6284e-04
    2073   2.5710e+05      8.3736e-04
    2074   2.5720e+05      8.0465e-04
    2075   2.5730e+05      7.7234e-04
    2076   2.5740e+05      7.3958e-04
    2077   2.5750e+05      7.0553e-04
    2078   2.5760e+05      6.6890e-04
    2079   2.5770e+05      6.4752e-04
    2080   2.5780e+05      6.5116e-04
    2081   2.5790e+05      6.6501e-04
    2082   2.5800e+05      6.7546e-04
    2083   2.5810e+05      6.8125e-04
    2084   2.5820e+05      6.8959e-04
    2085   2.5830e+05      6.9751e-04
    2086   2.5840e+05      7.0161e-04
    2087   2.5850e+05      6.9848e-04
    2088   2.5860e+05      6.9151e-04
    2089   2.5870e+05      6.8666e-04
    2090   2.5880e+05      6.8309e-04
    2091   2.5890e+05      6.7782e-04
    2092   2.5900e+05      6.7381e-04
    2093   2.5910e+05      6.6597e-04
    2094   2.5920e+05      6.5385e-04
    2095   2.5930e+05      6.4001e-04
    2096   2.5940e+05      6.2702e-04
    2097   2.5950e+05      6.1273e-04
    2098   2.5960e+05      6.0057e-04
    2099   2.5970e+05      5.9182e-04
    2100   2.5980e+05      5.8520e-04
    2101   2.5990e+05      5.8329e-04
    2102   2.6000e+05      5.8180e-04
    2103   2.6010e+05      5.7860e-04
    2104   2.6020e+05      5.7754e-04
    2105   2.6030e+05      5.7947e-04
    2106   2.6040e+05      5.8313e-04
    2107   2.6050e+05      5.9021e-04
    2108   2.6060e+05      5.9859e-04
    2109   2.6070e+05      6.0998e-04
    2110   2.6080e+05      6.2653e-04
    2111   2.6090e+05      6.3880e-04
    2112   2.6100e+05      6.4421e-04
    2113   2.6110e+05      6.3757e-04
    2114   2.6120e+05      6.2276e-04
    2115   2.6130e+05      6.0407e-04
    2116   2.6140e+05      5.8106e-04
    2117   2.6150e+05      5.5674e-04
    2118   2.6160e+05      5.3154e-04
    2119   2.6170e+05      5.0675e-04
    2120   2.6180e+05      4.8453e-04
    2121   2.6190e+05      4.6531e-04
    2122   2.6200e+05      4.4650e-04
    2123   2.6210e+05      4.2777e-04
    2124   2.6220e+05      4.0125e-04
    2125   2.6230e+05      3.6932e-04
    2126   2.6240e+05      3.4781e-04
    2127   2.6250e+05      3.5317e-04
    2128   2.6260e+05      3.7942e-04
    2129   2.6270e+05      4.0695e-04
    2130   2.6280e+05      4.2710e-04
    2131   2.6290e+05      4.4717e-04
    2132   2.6300e+05      4.6899e-04
    2133   2.6310e+05      4.8780e-04
    2134   2.6320e+05      4.9665e-04
    2135   2.6330e+05      4.9641e-04
    2136   2.6340e+05      4.9616e-04
    2137   2.6350e+05      4.9592e-04
    2138   2.6360e+05      4.9784e-04
    2139   2.6370e+05      4.9977e-04
    2140   2.6380e+05      4.9778e-04
    2141   2.6390e+05      5.0362e-04
    2142   2.6400e+05      5.1033e-04
    2143   2.6410e+05      5.2096e-04
    2144   2.6420e+05      5.2769e-04
    2145   2.6430e+05      5.3398e-04
    2146   2.6440e+05      5.3984e-04
    2147   2.6450e+05      5.3743e-04
    2148   2.6460e+05      5.2718e-04
    2149   2.6470e+05      5.0515e-04
    2150   2.6480e+05      4.7264e-04
    2151   2.6490e+05      4.3343e-04
    2152   2.6500e+05      3.9336e-04
    2153   2.6510e+05      3.4877e-04
    2154   2.6520e+05      2.9729e-04
    2155   2.6530e+05      2.3594e-04
    2156   2.6540e+05      1.5588e-04
    2157   2.6550e+05      6.2559e-04
    2158   2.6560e+05      6.2976e-04
    2159   2.6570e+05      6.3612e-04
    2160   2.6580e+05      6.4336e-04
    2161   2.6590e+05      6.5061e-04
    2162   2.6600e+05      6.5392e-04
    2163   2.6610e+05      6.5767e-04
    2164   2.6620e+05      6.6493e-04
    2165   2.6630e+05      6.7132e-04
    2166   2.6640e+05      6.7508e-04
    2167   2.6650e+05      6.8235e-04
    2168   2.6660e+05      1.3740e-04
    2169   2.6670e+05      1.7394e-04
    2170   2.6680e+05      1.8912e-04
    2171   2.6690e+05      1.9789e-04
    2172   2.6700e+05      2.0610e-04
    2173   2.6710e+05      2.1841e-04
    2174   2.6720e+05      2.3235e-04
    2175   2.6730e+05      2.3683e-04
    2176   2.6740e+05      2.2156e-04
    2177   2.6750e+05      1.8565e-04
    2178   2.6760e+05      1.3593e-04
    2179   2.6770e+05      6.5281e-05
    2180   2.6780e+05      6.6231e-04
    2181   2.6790e+05      6.5947e-04
    2182   2.6800e+05      6.6016e-04
    2183   2.6810e+05      6.5732e-04
    2184   2.6820e+05      6.5447e-04
    2185   2.6830e+05      6.4897e-04
    2186   2.6840e+05      6.3949e-04
    2187   2.6850e+05      6.3310e-04
    2188   2.6860e+05      6.2360e-04
    2189   2.6870e+05      6.1720e-04
    2190   2.6880e+05      6.0858e-04
    2191   2.6890e+05      9.2405e-05
    2192   2.6900e+05      1.3890e-04
    2193   2.6910e+05      1.7188e-04
    2194   2.6920e+05      1.9610e-04
    2195   2.6930e+05      2.1564e-04
    2196   2.6940e+05      2.3421e-04
    2197   2.6950e+05      2.5250e-04
    2198   2.6960e+05      2.7150e-04
    2199   2.6970e+05      2.9096e-04
    2200   2.6980e+05      3.0942e-04
    2201   2.6990e+05      3.2664e-04
    2202   2.7000e+05      3.3948e-04
    2203   2.7010e+05      3.4223e-04
    2204   2.7020e+05      3.4311e-04
    2205   2.7030e+05      3.3928e-04
    2206   2.7040e+05      3.3237e-04
    2207   2.7050e+05      3.2398e-04
    2208   2.7060e+05      3.1466e-04
    2209   2.7070e+05      3.0564e-04
    2210   2.7080e+05      2.9688e-04
    2211   2.7090e+05      2.8789e-04
    2212   2.7100e+05      2.7858e-04
    2213   2.7110e+05      2.6953e-04
    2214   2.7120e+05      2.6021e-04
    2215   2.7130e+05      2.5105e-04
    2216   2.7140e+05      2.4217e-04
    2217   2.7150e+05      2.3309e-04
    2218   2.7160e+05      2.2401e-04
    2219   2.7170e+05      2.1483e-04
    2220   2.7180e+05      1.9723e-04
    2221   2.7190e+05      1.7631e-04
    2222   2.7200e+05      1.5752e-04
    2223   2.7210e+05      1.4068e-04
    2224   2.7220e+05      1.2500e-04
    2225   2.7230e+05      1.1093e-04
    2226   2.7240e+05      9.8990e-05
    2227   2.7250e+05      8.9424e-05
    2228   2.7260e+05      8.1468e-05
    2229   2.7270e+05      7.4538e-05
    2230   2.7280e+05      6.7917e-05
    2231   2.7290e+05      6.1696e-05
    2232   2.7300e+05      5.5785e-05
    2233   2.7310e+05      5.0454e-05
    2234   2.7320e+05      4.5794e-05
    2235   2.7330e+05      4.1401e-05
    2236   2.7340e+05      3.7328e-05
    2237   2.7350e+05      3.3708e-05
    2238   2.7360e+05      3.0152e-05
    2239   2.7370e+05      2.6810e-05
    2240   2.7380e+05      2.3813e-05
    2241   2.7390e+05      2.1138e-05
    2242   2.7400e+05      1.8800e-05
    2243   2.7410e+05      1.6835e-05
    2244   2.7420e+05      1.5039e-05
    2245   2.7430e+05      1.3432e-05
    2246   2.7440e+05      1.1982e-05
    2247   2.7450e+05      1.0640e-05
    2248   2.7460e+05      9.4183e-06
    2249   2.7470e+05      8.3362e-06
    2250   2.7480e+05      7.3121e-06
    2251   2.7490e+05      6.4094e-06
    2252   2.7500e+05      5.5967e-06
    2253   2.7510e+05      4.8785e-06
    2254   2.7520e+05      4.2590e-06
    2255   2.7530e+05      3.7262e-06
    2256   2.7540e+05      3.5107e-06
    2257   2.7550e+05      3.4072e-06
    2258   2.7560e+05      3.3023e-06
    2259   2.7570e+05      3.2249e-06
    2260   2.7580e+05      3.1530e-06
    2261   2.7590e+05      3.0715e-06
    2262   2.7600e+05      3.0067e-06
    2263   2.7610e+05      2.9114e-06
    2264   2.7620e+05      2.8206e-06
    2265   2.7630e+05      2.7315e-06
    2266   2.7640e+05      2.6365e-06
    2267   2.7650e+05      2.5295e-06
    2268   2.7660e+05      2.4302e-06
    2269   2.7670e+05      2.3368e-06
    2270   2.7680e+05      2.2488e-06
    2271   2.7690e+05      2.1611e-06
    2272   2.7700e+05      2.0689e-06
    2273   2.7710e+05      1.9848e-06
    2274   2.7720e+05      1.9859e-06
    2275   2.7730e+05      2.1081e-06
    2276   2.7740e+05      2.2390e-06
    2277   2.7750e+05      2.3810e-06
    2278   2.7760e+05      2.5209e-06
    2279   2.7770e+05      2.6809e-06
    2280   2.7780e+05      2.8470e-06
    2281   2.7790e+05      3.0210e-06
    2282   2.7800e+05      3.2102e-06
    2283   2.7810e+05      3.4174e-06
    2284   2.7820e+05      3.6165e-06
    2285   2.7830e+05      3.8414e-06
    2286   2.7840e+05      4.0899e-06
    2287   2.7850e+05      4.3422e-06
    2288   2.7860e+05      4.6149e-06
    2289   2.7870e+05      4.9332e-06
    2290   2.7880e+05      5.2701e-06
    2291   2.7890e+05      5.6669e-06
    2292   2.7900e+05      6.0273e-06
    2293   2.7910e+05      6.4798e-06
    2294   2.7920e+05      6.9694e-06
    2295   2.7930e+05      7.4916e-06
    2296   2.7940e+05      8.0095e-06
    2297   2.7950e+05      8.5785e-06
    2298   2.7960e+05      9.1570e-06
    2299   2.7970e+05      9.7452e-06
    2300   2.7980e+05      1.0449e-05
    2301   2.7990e+05      1.1153e-05
    2302   2.8000e+05      1.1817e-05
    2303   2.8050e+05      1.2965e-05
    2304   2.8100e+05      1.6828e-05
    2305   2.8150e+05      1.9801e-05
    2306   2.8200e+05      2.3305e-05
    2307   2.8250e+05      2.7468e-05
    2308   2.8300e+05      3.0405e-05
    2309   2.8350e+05      3.1234e-05
    2310   2.8400e+05      3.1902e-05
    2311   2.8450e+05      3.6544e-05
    2312   2.8500e+05      3.9485e-05