       1      5010.00            0.00
       2      8060.00            0.00
       3      8070.00            0.01
       4      8080.00            0.01
       5      8090.00            0.02
       6      8100.00            0.00
       7      8550.00            0.00
       8      8560.00            0.02
       9      8570.00            0.04
      10      8580.00            0.07
      11      8590.00            0.11
      12      8600.00            0.12
      13      8610.00            0.00
      14      8840.00            0.00
      15      8850.00            0.01
      16      8860.00            0.01
      17      8870.00            0.01
      18      8880.00            0.01
      19      8890.00            0.01
      20      8900.00            0.01
      21      8910.00            0.01
      22      8920.00            0.01
      23      8930.00            0.01
      24      8940.00            0.01
      25      8950.00            0.01
      26      8960.00            0.02
      27      8970.00            0.02
      28      8980.00            0.02
      29      8990.00            0.02
      30      9000.00            0.00
      31      9010.00            0.00
      32      9020.00            0.05
      33      9030.00            0.00
      34      9040.00            0.06
      35      9050.00            0.22
      36      9060.00            0.13
      37      9070.00            0.08
      38      9080.00            0.03
      39      9090.00            0.08
      40      9100.00            0.06
      41      9110.00            0.04
      42      9120.00            0.00
      43      9130.00            0.08
      44      9140.00            0.00
      45      9150.00            0.04
      46      9160.00            0.03
      47      9170.00            0.03
      48      9180.00            0.07
      49      9190.00            0.00
      50      9200.00            0.26
      51      9210.00            0.13
      52      9220.00            0.12
      53      9230.00            0.18
      54      9240.00            0.15
      55      9250.00            0.00
      56      9260.00            0.13
      57      9270.00            0.10
      58      9280.00            0.08
      59      9290.00            0.17
      60      9300.00            0.18
      61      9310.00            0.10
      62      9320.00            0.22
      63      9330.00            0.12
      64      9340.00            0.31
      65      9350.00            0.34
      66      9360.00            0.32
      67      9370.00            0.28
      68      9380.00            0.42
      69      9390.00            0.27
      70      9400.00            0.43
      71      9410.00            0.43
      72      9420.00            0.54
      73      9430.00            0.55
      74      9440.00            0.61
      75      9450.00            0.72
      76      9460.00            0.92
      77      9470.00            0.86
      78      9480.00            1.02
      79      9490.00            1.06
      80      9500.00            1.11
      81      9510.00            1.29
      82      9520.00            1.68
      83      9530.00            1.68
      84      9540.00            1.89
      85      9550.00            2.12
      86      9560.00            2.37
      87      9570.00            2.68
      88      9580.00            3.36
      89      9590.00            3.70
      90      9600.00            4.31
      91      9610.00            5.05
      92      9620.00            5.68
      93      9630.00            6.72
      94      9640.00            7.72
      95      9650.00            8.98
      96      9660.00           10.51
      97      9670.00           12.18
      98      9680.00           14.38
      99      9690.00           16.99
     100      9700.00           19.61
     101      9710.00           22.43
     102      9720.00           25.60
     103      9730.00           29.05
     104      9740.00           32.22
     105      9750.00           35.89
     106      9760.00           39.45
     107      9770.00           43.34
     108      9780.00           46.39
     109      9790.00           48.95
     110      9800.00           51.25
     111      9810.00           53.75
     112      9820.00           55.32
     113      9830.00           56.43
     114      9840.00           57.23
     115      9850.00           57.55
     116      9860.00           57.90
     117      9870.00           57.88
     118      9880.00           57.76
     119      9890.00           57.82
     120      9900.00           57.73
     121      9910.00           57.73
     122      9920.00           57.88
     123      9930.00           58.03
     124      9940.00           58.27
     125      9950.00           58.47
     126      9960.00           58.73
     127      9970.00           59.20
     128      9980.00           59.63
     129      9990.00           59.98
     130     10000.00           60.41
     131     10010.00           61.05
     132     10020.00           61.59
     133     10030.00           62.22
     134     10040.00           62.81
     135     10050.00           63.41
     136     10060.00           64.11
     137     10070.00           64.59
     138     10080.00           65.04
     139     10090.00           65.44
     140     10100.00           65.77
     141     10110.00           66.09
     142     10120.00           66.27
     143     10130.00           66.46
     144     10140.00           66.60
     145     10150.00           66.74
     146     10160.00           66.97
     147     10170.00           67.13
     148     10180.00           67.20
     149     10190.00           67.05
     150     10200.00           67.02
     151     10210.00           66.90
     152     10220.00           66.74
     153     10230.00           66.49
     154     10240.00           66.31
     155     10250.00           66.07
     156     10260.00           65.76
     157     10270.00           65.50
     158     10280.00           65.29
     159     10290.00           65.04
     160     10300.00           64.98
     161     10310.00           64.91
     162     10320.00           64.79
     163     10330.00           64.73
     164     10340.00           64.64
     165     10350.00           64.58
     166     10360.00           64.66
     167     10370.00           64.78
     168     10380.00           64.94
     169     10390.00           65.13
     170     10400.00           65.62
     171     10410.00           66.12
     172     10420.00           66.64
     173     10430.00           67.27
     174     10440.00           67.97
     175     10450.00           68.77
     176     10460.00           69.58
     177     10470.00           70.32
     178     10480.00           71.02
     179     10490.00           71.45
     180     10500.00           71.76
     181     10510.00           72.04
     182     10520.00           71.82
     183     10530.00           71.21
     184     10540.00           70.53
     185     10550.00           69.34
     186     10560.00           67.60
     187     10570.00           65.75
     188     10580.00           63.63
     189     10590.00           60.93
     190     10600.00           58.04
     191     10610.00           55.02
     192     10620.00           51.64
     193     10630.00           48.36
     194     10640.00           45.12
     195     10650.00           41.89
     196     10660.00           38.58
     197     10670.00           35.37
     198     10680.00           32.65
     199     10690.00           29.83
     200     10700.00           26.90
     201     10710.00           24.37
     202     10720.00           21.89
     203     10730.00           19.72
     204     10740.00           17.69
     205     10750.00           15.68
     206     10760.00           13.84
     207     10770.00           12.03
     208     10780.00           10.53
     209     10790.00            9.21
     210     10800.00            7.90
     211     10810.00            6.83
     212     10820.00            5.93
     213     10830.00            5.04
     214     10840.00            4.28
     215     10850.00            3.74
     216     10860.00            3.22
     217     10870.00            2.74
     218     10880.00            2.38
     219     10890.00            2.04
     220     10900.00            1.79
     221     10910.00            1.57
     222     10920.00            1.34
     223     10930.00            1.24
     224     10940.00            1.16
     225     10950.00            0.96
     226     10960.00            0.80
     227     10970.00            0.78
     228     10980.00            0.75
     229     10990.00            0.73
     230     11000.00            0.62
     231     11010.00            0.38
     232     11020.00            0.34
     233     11030.00            0.42
     234     11040.00            0.35
     235     11050.00            0.35
     236     11060.00            0.41
     237     11070.00            0.30
     238     11080.00            0.17
     239     11090.00            0.23
     240     11100.00            0.31
     241     11110.00            0.17
     242     11120.00            0.37
     243     11130.00            0.38
     244     11140.00            0.38
     245     11150.00            0.43
     246     11160.00            0.35
     247     11170.00            0.26
     248     11180.00            0.20
     249     11190.00            0.22
     250     11200.00            0.23
     251     11210.00            0.18
     252     11220.00            0.10
     253     11230.00            0.05
     254     11240.00            0.12
     255     11250.00            0.11
     256     11260.00            0.04
     257     11270.00            0.18
     258     11280.00            0.22
     259     11290.00            0.17
     260     11300.00            0.01
     261     11310.00            0.03
     262     11320.00            0.08
     263     11330.00            0.16
     264     11340.00            0.04
     265     11350.00            0.04
     266     11360.00            0.08
     267     11370.00            0.09
     268     11380.00            0.16
     269     11390.00            0.16
     270     11400.00            0.01
     271     11410.00            0.00
     272     11420.00            0.04
     273     11430.00            0.06
     274     11440.00            0.00
     275     11460.00            0.00
     276     11470.00            0.07
     277     11480.00            0.01
     278     11490.00            0.09
     279     11500.00            0.13
     280     11510.00            0.00
     281     11530.00            0.00
     282     11540.00            0.14
     283     11550.00            0.11
     284     11560.00            0.02
     285     11570.00            0.02
     286     11580.00            0.00
     287     11630.00            0.00
     288     11640.00            0.02
     289     11650.00            0.14
     290     11660.00            0.25
     291     11670.00            0.13
     292     11680.00            0.00
     293     11700.00            0.00
     294     11710.00            0.08
     295     11720.00            0.09
     296     11730.00            0.24
     297     11740.00            0.00
     298     11760.00            0.00
     299     11770.00            0.15
     300     11780.00            0.19
     301     11790.00            0.13
     302     11800.00            0.07
     303     11810.00            0.10
     304     11820.00            0.09
     305     11830.00            0.18
     306     11840.00            0.00
     307     11920.00            0.00
     308     11930.00            0.02
     309     11940.00            0.14
     310     11950.00            0.00
     311     11960.00            0.05
     312     11970.00            0.00
     313     11980.00            0.05
     314     11990.00            0.00
     315     12000.00            0.05
     316     12010.00            0.00
     317     13650.00            0.00
     318     13660.00            0.02
     319     13670.00            0.02
     320     13680.00            0.00
     321     13690.00            0.02
     322     13700.00            0.02
     323     13710.00            0.01
     324     13720.00            0.02
     325     13730.00            0.03
     326     13740.00            0.04
     327     13750.00            0.03
     328     13760.00            0.03
     329     13770.00            0.03
     330     13780.00            0.04
     331     13790.00            0.02
     332     13800.00            0.03
     333     13810.00            0.00
     334     13820.00            0.02
     335     13830.00            0.00
     336     13840.00            0.02
     337     13850.00            0.00
     338     13860.00            0.01
     339     13870.00            0.02
     340     13880.00            0.00
     341     13890.00            0.02
     342     13900.00            0.01
     343     13910.00            0.00
     344     14120.00            0.00
     345     14130.00            0.02
     346     14140.00            0.00
     347     14150.00            0.00
     348     14160.00            0.02
     349     14170.00            0.02
     350     14180.00            0.02
     351     14190.00            0.00
     352     14200.00            0.02
     353     14210.00            0.03
     354     14220.00            0.03
     355     14230.00            0.03
     356     14240.00            0.03
     357     14250.00            0.03
     358     14260.00            0.03
     359     14270.00            0.04
     360     14280.00            0.03
     361     14290.00            0.04
     362     14300.00            0.04
     363     14310.00            0.04
     364     14320.00            0.03
     365     14330.00            0.04
     366     14340.00            0.04
     367     14350.00            0.04
     368     14360.00            0.04
     369     14370.00            0.04
     370     14380.00            0.03
     371     14390.00            0.04
     372     14400.00            0.04
     373     14410.00            0.04
     374     14420.00            0.04
     375     14430.00            0.03
     376     14440.00            0.03
     377     14450.00            0.03
     378     14460.00            0.02
     379     14470.00            0.03
     380     14480.00            0.03
     381     14490.00            0.03
     382     14500.00            0.02
     383     14510.00            0.02
     384     14520.00            0.02
     385     14530.00            0.02
     386     14540.00            0.02
     387     14550.00            0.02
     388     14560.00            0.02
     389     14570.00            0.02
     390     14580.00            0.01
     391     14590.00            0.01
     392     14600.00            0.00
     393     15040.00            0.00
     394     15050.00            0.02
     395     15060.00            0.02
     396     15070.00            0.02
     397     15080.00            0.02
     398     15090.00            0.02
     399     15100.00            0.02
     400     15110.00            0.02
     401     15120.00            0.02
     402     15130.00            0.02
     403     15140.00            0.02
     404     15150.00            0.02
     405     15160.00            0.02
     406     15170.00            0.02
     407     15180.00            0.02
     408     15190.00            0.03
     409     15200.00            0.03
     410     15210.00            0.03
     411     15220.00            0.03
     412     15230.00            0.03
     413     15240.00            0.03
     414     15250.00            0.03
     415     15260.00            0.03
     416     15270.00            0.03
     417     15280.00            0.03
     418     15290.00            0.03
     419     15300.00            0.03
     420     15310.00            0.03
     421     15320.00            0.03
     422     15330.00            0.03
     423     15340.00            0.03
     424     15350.00            0.03
     425     15360.00            0.03
     426     15370.00            0.03
     427     15380.00            0.03
     428     15390.00            0.03
     429     15400.00            0.03
     430     15410.00            0.03
     431     15420.00            0.03
     432     15430.00            0.03
     433     15440.00            0.03
     434     15450.00            0.03
     435     15460.00            0.03
     436     15470.00            0.02
     437     15480.00            0.02
     438     15490.00            0.02
     439     15500.00            0.02
     440     15510.00            0.02
     441     15520.00            0.02
     442     15530.00            0.02
     443     15540.00            0.02
     444     15550.00            0.02
     445     15560.00            0.02
     446     15570.00            0.02
     447     15580.00            0.02
     448     15590.00            0.02
     449     15600.00            0.02
     450     15610.00            0.02
     451     15620.00            0.02
     452     15630.00            0.00
     453     16260.00            0.00
     454     16270.00            0.02
     455     16280.00            0.02
     456     16290.00            0.02
     457     16300.00            0.02
     458     16310.00            0.02
     459     16320.00            0.02
     460     16330.00            0.02
     461     16340.00            0.02
     462     16350.00            0.02
     463     16360.00            0.02
     464     16370.00            0.02
     465     16380.00            0.02
     466     16390.00            0.02
     467     16400.00            0.02
     468     16410.00            0.02
     469     16420.00            0.02
     470     16430.00            0.02
     471     16440.00            0.03
     472     16450.00            0.03
     473     16460.00            0.03
     474     16470.00            0.03
     475     16480.00            0.03
     476     16490.00            0.03
     477     16500.00            0.03
     478     16510.00            0.03
     479     16520.00            0.03
     480     16530.00            0.03
     481     16540.00            0.03
     482     16550.00            0.03
     483     16560.00            0.03
     484     16570.00            0.03
     485     16580.00            0.03
     486     16590.00            0.03
     487     16600.00            0.03
     488     16610.00            0.03
     489     16620.00            0.03
     490     16630.00            0.03
     491     16640.00            0.03
     492     16650.00            0.03
     493     16660.00            0.03
     494     16670.00            0.03
     495     16680.00            0.03
     496     16690.00            0.03
     497     16700.00            0.03
     498     16710.00            0.03
     499     16720.00            0.03
     500     16730.00            0.02
     501     16740.00            0.02
     502     16750.00            0.02
     503     16760.00            0.02
     504     16770.00            0.02
     505     16780.00            0.02
     506     16790.00            0.02
     507     16800.00            0.02
     508     16810.00            0.00
     509     25025.00            0.00
     510     25037.60            0.08
     511     25050.10            0.00
     512     25075.20            0.00
     513     25087.80            0.11
     514     25100.40            0.03
     515     25113.00            0.00
     516     25125.60            0.00
     517     25138.30            0.13
     518     25150.90            0.03
     519     25163.60            0.00
     520     25176.20            0.00
     521     25188.90            0.05
     522     25201.60            0.00
     523     25214.30            0.00
     524     25227.00            0.05
     525     25239.80            0.03
     526     25252.50            0.03
     527     25265.30            0.00
     528     25278.10            0.06
     529     25290.80            0.00
     530     25367.80            0.00
     531     25380.70            0.03
     532     25393.60            0.05
     533     25406.50            0.00
     534     32010.20            0.00