       1   3.4388e+06      2.5573e-05
       2   3.4507e+06      2.8815e-05
       3   3.4626e+06      3.5593e-05
       4   3.4734e+06      5.7122e-05
       5   3.4855e+06      7.4929e-05
       6   3.4977e+06      9.5514e-05
       7   3.5100e+06      1.4583e-04
       8   3.5211e+06      2.2777e-04
       9   3.5336e+06      3.0593e-04
      10   3.5461e+06      3.4057e-04
      11   3.5587e+06      4.1752e-04
      12   3.5714e+06      5.2168e-04
      13   3.5829e+06      5.0501e-04
      14   3.5958e+06      4.2582e-04
      15   3.6088e+06      4.5420e-04
      16   3.6219e+06      5.2490e-04
      17   3.6350e+06      6.0170e-04
      18   3.6470e+06      7.0148e-04
      19   3.6603e+06      6.5594e-04
      20   3.6738e+06      6.5343e-04
      21   3.6873e+06      6.5287e-04
      22   3.6996e+06      7.3253e-04
      23   3.7133e+06      7.1588e-04
      24   3.7272e+06      7.8734e-04
      25   3.7411e+06      8.4885e-04
      26   3.7552e+06      1.0337e-03
      27   3.7679e+06      1.4349e-03
      28   3.7821e+06      1.6765e-03
      29   3.7965e+06      2.0319e-03
      30   3.8110e+06      2.3564e-03
      31   3.8256e+06      3.0977e-03
      32   3.8388e+06      3.8065e-03
      33   3.8536e+06      4.6781e-03
      34   3.8685e+06      5.9686e-03
      35   3.8835e+06      7.5664e-03
      36   3.8971e+06      9.5304e-03
      37   3.9124e+06      1.2506e-02
      38   3.9277e+06      1.6864e-02
      39   3.9432e+06      2.2276e-02
      40   3.9588e+06      2.8890e-02
      41   3.9730e+06      3.7256e-02
      42   3.9888e+06      4.8452e-02
      43   4.0048e+06      6.1945e-02
      44   4.0209e+06      7.8900e-02
      45   4.0371e+06      1.0207e-01
      46   4.0519e+06      1.2981e-01
      47   4.0683e+06      1.6575e-01
      48   4.0850e+06      2.1792e-01
      49   4.1017e+06      2.8161e-01
      50   4.1169e+06      3.5494e-01
      51   4.1339e+06      4.1597e-01
      52   4.1511e+06      4.6790e-01
      53   4.1684e+06      5.1599e-01
      54   4.1859e+06      5.3366e-01
      55   4.2017e+06      5.4705e-01
      56   4.2194e+06      5.6376e-01
      57   4.2373e+06      5.8226e-01
      58   4.2553e+06      5.9533e-01
      59   4.2717e+06      6.1189e-01
      60   4.2900e+06      6.2256e-01
      61   4.3085e+06      6.3807e-01
      62   4.3271e+06      6.3871e-01
      63   4.3459e+06      6.4785e-01
      64   4.3630e+06      6.3294e-01
      65   4.3821e+06      6.3283e-01
      66   4.4014e+06      6.4484e-01
      67   4.4209e+06      6.5880e-01
      68   4.4405e+06      6.6303e-01
      69   4.4583e+06      6.5785e-01
      70   4.4783e+06      6.6124e-01
      71   4.4984e+06      6.3011e-01
      72   4.5188e+06      6.2260e-01
      73   4.5372e+06      6.2149e-01
      74   4.5579e+06      6.1487e-01
      75   4.5788e+06      6.1256e-01
      76   4.5998e+06      6.3444e-01
      77   4.6211e+06      6.5529e-01
      78   4.6404e+06      6.6062e-01
      79   4.6620e+06      6.8530e-01
      80   4.6838e+06      6.7504e-01
      81   4.7059e+06      6.6754e-01
      82   4.7281e+06      6.4499e-01
      83   4.7483e+06      6.4033e-01
      84   4.7710e+06      6.1559e-01
      85   4.7939e+06      6.1281e-01
      86   4.8170e+06      6.0191e-01
      87   4.8379e+06      6.2081e-01
      88   4.8614e+06      6.4054e-01
      89   4.8852e+06      6.5390e-01
      90   4.9092e+06      6.5819e-01
      91   4.9334e+06      6.4870e-01
      92   4.9554e+06      6.4905e-01
      93   4.9801e+06      6.4536e-01
      94   5.0050e+06      6.4945e-01
      95   5.0302e+06      6.5002e-01
      96   5.0556e+06      6.4282e-01
      97   5.0787e+06      6.3004e-01
      98   5.1046e+06      6.4321e-01
      99   5.1308e+06      6.5727e-01
     100   5.1573e+06      6.4293e-01
     101   5.1813e+06      6.5338e-01
     102   5.2083e+06      6.5869e-01
     103   5.2356e+06      6.3967e-01
     104   5.2632e+06      6.4547e-01
     105   5.2910e+06      6.6734e-01
     106   5.3163e+06      7.0449e-01
     107   5.3447e+06      6.9822e-01
     108   5.3735e+06      7.0891e-01
     109   5.4025e+06      7.1986e-01
     110   5.4318e+06      7.0761e-01
     111   5.4585e+06      7.0896e-01
     112   5.4885e+06      6.8703e-01
     113   5.5188e+06      6.8139e-01
     114   5.5494e+06      6.9925e-01
     115   5.5772e+06      6.8154e-01
     116   5.6085e+06      7.0643e-01
     117   5.6402e+06      7.6157e-01
     118   5.6721e+06      7.7515e-01
     119   5.7045e+06      7.8944e-01
     120   5.7339e+06      7.8681e-01
     121   5.7670e+06      7.7180e-01
     122   5.8005e+06      7.5521e-01
     123   5.8343e+06      7.7015e-01
     124   5.8651e+06      7.6635e-01
     125   5.8997e+06      8.0352e-01
     126   5.9347e+06      8.3910e-01
     127   5.9701e+06      8.1951e-01
     128   6.0060e+06      8.2751e-01
     129   6.0386e+06      8.4232e-01
     130   6.0753e+06      8.4210e-01
     131   6.1125e+06      3.6677e-01
     132   6.1501e+06      2.0423e-01
     133   6.1881e+06      1.3664e-01
     134   6.2228e+06      9.9694e-02
     135   6.2617e+06      7.8031e-02
     136   6.3012e+06      6.0762e-02
     137   6.3412e+06      4.9057e-02
     138   6.3776e+06      4.0242e-02
     139   6.4185e+06      3.3599e-02
     140   6.4599e+06      2.7658e-02
     141   6.5020e+06      2.2653e-02
     142   6.5445e+06      1.9084e-02
     143   6.5833e+06      1.7495e-02
     144   6.6269e+06      1.5232e-02
     145   6.6711e+06      1.3093e-02
     146   6.7159e+06      1.2275e-02
     147   6.7613e+06      1.1101e-02
     148   6.8027e+06      9.8520e-03
     149   6.8493e+06      8.8124e-03
     150   6.8966e+06      7.6757e-03
     151   6.9444e+06      6.5661e-03
     152   6.9881e+06      5.8202e-03
     153   7.0373e+06      5.2847e-03
     154   7.0872e+06      5.0076e-03
     155   7.1378e+06      4.3456e-03
     156   7.1891e+06      4.0630e-03
     157   7.2359e+06      3.5443e-03
     158   7.2886e+06      3.4546e-03
     159   7.3421e+06      3.1578e-03
     160   7.3964e+06      2.8601e-03
     161   7.4516e+06      2.7216e-03
     162   7.5019e+06      2.5278e-03
     163   7.5586e+06      2.1488e-03
     164   7.6161e+06      1.9869e-03
     165   7.6746e+06      1.9236e-03
     166   7.7280e+06      1.7304e-03
     167   7.7882e+06      1.4813e-03
     168   7.8493e+06      1.4264e-03
     169   7.9114e+06      1.3043e-03
     170   7.9745e+06      1.2961e-03
     171   8.0321e+06      1.1887e-03
     172   8.0972e+06      1.1235e-03
     173   8.1633e+06      1.0388e-03
     174   8.2305e+06      1.0363e-03
     175   8.2988e+06      9.5055e-04
     176   8.3612e+06      9.4957e-04
     177   8.4317e+06      8.7434e-04
     178   8.5034e+06      7.7041e-04
     179   8.5763e+06      6.9299e-04
     180   8.6430e+06      5.9785e-04
     181   8.7184e+06      5.6564e-04
     182   8.7951e+06      5.3095e-04
     183   8.8731e+06      5.2809e-04
     184   8.9526e+06      4.3525e-04
     185   9.0253e+06      4.1700e-04
     186   9.1075e+06      3.9792e-04
     187   9.1912e+06      4.0786e-04