       1      2010.00            0.00
       2      8060.00            0.00
       3      8070.00            0.10
       4      8080.00            0.11
       5      8090.00            0.12
       6      8100.00            0.15
       7      8110.00            0.17
       8      8120.00            0.22
       9      8130.00            0.26
      10      8140.00            0.33
      11      8150.00            0.47
      12      8160.00            0.63
      13      8170.00            0.86
      14      8180.00            1.18
      15      8190.00            1.64
      16      8200.00            2.31
      17      8210.00            3.27
      18      8220.00            4.59
      19      8230.00            7.06
      20      8240.00            9.51
      21      8250.00           12.48
      22      8260.00           16.11
      23      8270.00           20.41
      24      8280.00           25.13
      25      8290.00           30.29
      26      8300.00           35.69
      27      8310.00           42.87
      28      8320.00           48.00
      29      8330.00           52.47
      30      8340.00           56.12
      31      8350.00           58.76
      32      8360.00           60.43
      33      8370.00           61.35
      34      8380.00           61.76
      35      8390.00           61.76
      36      8400.00           61.84
      37      8410.00           61.94
      38      8420.00           62.14
      39      8430.00           62.48
      40      8440.00           62.93
      41      8450.00           63.49
      42      8460.00           64.14
      43      8470.00           64.98
      44      8480.00           65.58
      45      8490.00           65.89
      46      8500.00           66.52
      47      8510.00           66.71
      48      8520.00           66.90
      49      8530.00           67.09
      50      8540.00           67.21
      51      8550.00           67.34
      52      8560.00           67.46
      53      8570.00           67.59
      54      8580.00           67.67
      55      8590.00           67.81
      56      8600.00           67.97
      57      8610.00           68.19
      58      8620.00           68.41
      59      8630.00           68.66
      60      8640.00           69.04
      61      8650.00           69.32
      62      8660.00           69.62
      63      8670.00           69.88
      64      8680.00           70.21
      65      8690.00           70.44
      66      8700.00           70.63
      67      8710.00           70.78
      68      8720.00           70.92
      69      8730.00           71.04
      70      8740.00           71.08
      71      8750.00           71.18
      72      8760.00           71.30
      73      8770.00           71.41
      74      8780.00           71.58
      75      8790.00           71.76
      76      8800.00           71.94
      77      8810.00           72.14
      78      8820.00           72.33
      79      8830.00           72.51
      80      8840.00           72.68
      81      8850.00           72.83
      82      8860.00           72.99
      83      8870.00           73.20
      84      8880.00           73.42
      85      8890.00           73.63
      86      8900.00           73.84
      87      8910.00           74.19
      88      8920.00           74.47
      89      8930.00           74.72
      90      8940.00           74.98
      91      8950.00           75.13
      92      8960.00           75.24
      93      8970.00           75.14
      94      8980.00           75.12
      95      8990.00           75.10
      96      9000.00           75.08
      97      9010.00           73.00
      98      9020.00           72.62
      99      9030.00           73.33
     100      9040.00           74.72
     101      9050.00           74.92
     102      9060.00           74.96
     103      9070.00           73.69
     104      9080.00           74.22
     105      9090.00           74.66
     106      9100.00           74.84
     107      9110.00           74.96
     108      9120.00           75.02
     109      9130.00           74.83
     110      9140.00           74.65
     111      9150.00           75.60
     112      9160.00           74.73
     113      9170.00           75.80
     114      9180.00           74.91
     115      9190.00           75.36
     116      9200.00           74.76
     117      9210.00           72.06
     118      9220.00           69.68
     119      9230.00           67.15
     120      9240.00           59.67
     121      9250.00           55.10
     122      9260.00           50.25
     123      9270.00           39.58
     124      9280.00           33.86
     125      9290.00           28.71
     126      9300.00           19.22
     127      9310.00           14.98
     128      9320.00           11.29
     129      9330.00            8.91
     130      9340.00            5.19
     131      9350.00            4.05
     132      9360.00            3.09
     133      9370.00            1.89
     134      9380.00            1.49
     135      9390.00            1.24
     136      9400.00            0.80
     137      9410.00            0.60
     138      9420.00            0.46
     139      9430.00            0.32
     140      9440.00            0.18
     141      9450.00            0.13
     142      9460.00            0.08
     143      9470.00            0.00
     144     20070.00            0.00
     145     20080.00            0.08
     146     20090.00            0.05
     147     20100.00            0.00
     148     20180.00            0.00
     149     20190.00            0.10
     150     20200.00            0.14
     151     20210.00            0.08
     152     20220.00            0.00
     153     20250.00            0.00
     154     20260.00            0.05
     155     20270.00            0.00
     156     20280.00            0.00
     157     20290.00            0.10
     158     20300.00            0.10
     159     20310.00            0.03
     160     20320.00            0.04
     161     20330.00            0.00
     162     20340.00            0.00
     163     20350.00            0.07
     164     20360.00            0.09
     165     20370.00            0.09
     166     20380.00            0.05
     167     20390.00            0.04
     168     20400.00            0.09
     169     20410.00            0.07
     170     20420.00            0.10
     171     20430.00            0.13
     172     20440.00            0.15
     173     20450.00            0.14
     174     20460.00            0.12
     175     20470.00            0.10
     176     20480.00            0.09
     177     20490.00            0.07
     178     20500.00            0.00
     179     20510.00            0.00
     180     20520.00            0.09
     181     20530.00            0.13
     182     20540.00            0.09
     183     20550.00            0.06
     184     20560.00            0.05
     185     20570.00            0.00
     186     20600.00            0.00
     187     20610.00            0.05
     188     20620.00            0.08
     189     20630.00            0.05
     190     20640.00            0.00
     191     20710.00            0.00
     192     20720.00            0.04
     193     20730.00            0.03
     194     20740.00            0.00
     195     20760.00            0.00
     196     20770.00            0.04
     197     20780.00            0.00
     198     20810.00            0.00
     199     20820.00            0.07
     200     20830.00            0.13
     201     20840.00            0.09
     202     20850.00            0.03
     203     20860.00            0.03
     204     20870.00            0.05
     205     20880.00            0.08
     206     20890.00            0.14
     207     20900.00            0.12
     208     20910.00            0.03
     209     20920.00            0.05
     210     20930.00            0.07
     211     20940.00            0.00
     212     20950.00            0.05
     213     20960.00            0.07
     214     20970.00            0.00
     215     20980.00            0.00
     216     20990.00            0.13
     217     21000.00            0.12
     218     21010.00            0.09
     219     21020.00            0.09
     220     21030.00            0.00
     221     21050.00            0.00
     222     21060.00            0.03
     223     21070.00            0.00
     224     21080.00            0.00
     225     21090.00            0.05
     226     21100.00            0.03
     227     21110.00            0.00
     228     21180.00            0.00
     229     21190.00            0.03
     230     21200.00            0.07
     231     21210.00            0.03
     232     21220.00            0.00
     233     21230.00            0.00
     234     21240.00            0.06
     235     21250.00            0.12
     236     21260.00            0.07
     237     21270.00            0.00
     238     21280.00            0.00
     239     21290.00            0.05
     240     21300.00            0.07
     241     21310.00            0.04
     242     21320.00            0.06
     243     21330.00            0.07
     244     21340.00            0.00
     245     21390.00            0.00
     246     21400.00            0.03
     247     21410.00            0.00
     248     21490.00            0.00
     249     21500.00            0.10
     250     21510.00            0.11
     251     21520.00            0.02
     252     21530.00            0.00
     253     21540.00            0.00
     254     21550.00            0.06
     255     21560.00            0.03
     256     21570.00            0.00
     257     21700.00            0.00
     258     21710.00            0.04
     259     21720.00            0.07
     260     21730.00            0.07
     261     21740.00            0.00
     262     21810.00            0.00
     263     21820.00            0.18
     264     21830.00            0.14
     265     21840.00            0.00
     266     21850.00            0.00
     267     21860.00            0.14
     268     21870.00            0.12
     269     21880.00            0.00
     270     21910.00            0.00
     271     21920.00            0.06
     272     21930.00            0.13
     273     21940.00            0.12
     274     21950.00            0.06
     275     21960.00            0.00
     276     21990.00            0.00
     277     22000.00            0.10
     278     22010.00            0.14
     279     22020.00            0.04
     280     22030.00            0.00
     281     22070.00            0.00
     282     22080.00            0.05
     283     22090.00            0.11
     284     22100.00            0.14
     285     22110.00            0.15
     286     22120.00            0.15
     287     22130.00            0.08
     288     22140.00            0.00
     289     22150.00            0.04
     290     22160.00            0.12
     291     22170.00            0.15
     292     22180.00            0.09
     293     22190.00            0.00
     294     22200.00            0.00
     295     22210.00            0.08
     296     22220.00            0.06
     297     22230.00            0.03
     298     22240.00            0.05
     299     22250.00            0.06
     300     22260.00            0.00
     301     22280.00            0.00
     302     22290.00            0.21
     303     22300.00            0.61
     304     22310.00            0.78
     305     22320.00            0.45
     306     22330.00            0.11
     307     22340.00            0.00
     308     22410.00            0.00
     309     22420.00            0.07
     310     22430.00            0.08
     311     22440.00            0.00
     312     22550.00            0.00
     313     22560.00            0.04
     314     22570.00            0.03
     315     22580.00            0.00
     316     22610.00            0.00
     317     22620.00            0.09
     318     22630.00            0.18
     319     22640.00            0.21
     320     22650.00            0.12
     321     22660.00            0.06
     322     22670.00            0.11
     323     22680.00            0.10
     324     22690.00            0.00
     325     22740.00            0.00
     326     22750.00            0.03
     327     22760.00            0.00
     328     22770.00            0.00
     329     22780.00            0.06
     330     22790.00            0.10
     331     22800.00            0.06
     332     22810.00            0.00
     333     22820.00            0.00
     334     22830.00            0.11
     335     22840.00            0.25
     336     22850.00            0.23
     337     22860.00            0.07
     338     22870.00            0.00
     339     22880.00            0.00
     340     22890.00            0.11
     341     22900.00            0.11
     342     22910.00            0.04
     343     22920.00            0.00
     344     22930.00            0.05
     345     22940.00            0.11
     346     22950.00            0.08
     347     22960.00            0.00
     348     23040.00            0.00
     349     23050.00            0.05
     350     23060.00            0.12
     351     23070.00            0.11
     352     23080.00            0.04
     353     23090.00            0.00
     354     23120.00            0.00
     355     23130.00            0.03
     356     23140.00            0.03
     357     23150.00            0.03
     358     23160.00            0.05
     359     23170.00            0.08
     360     23180.00            0.13
     361     23190.00            0.13
     362     23200.00            0.11
     363     23210.00            0.12
     364     23220.00            0.11
     365     23230.00            0.00
     366     23260.00            0.00
     367     23270.00            0.16
     368     23280.00            0.16
     369     23290.00            0.12
     370     23300.00            0.14
     371     23310.00            0.14
     372     23320.00            0.14
     373     23330.00            0.19
     374     23340.00            0.21
     375     23350.00            0.11
     376     23360.00            0.00
     377     23370.00            0.00
     378     23380.00            0.12
     379     23390.00            0.15
     380     23400.00            0.05
     381     23410.00            0.00
     382     23460.00            0.00
     383     23470.00            0.07
     384     23480.00            0.10
     385     23490.00            0.03
     386     23500.00            0.00
     387     23580.00            0.00
     388     23590.00            0.09
     389     23600.00            0.15
     390     23610.00            0.16
     391     23620.00            0.21
     392     23630.00            0.22
     393     23640.00            0.11
     394     23650.00            0.00
     395     23670.00            0.00
     396     23680.00            0.08
     397     23690.00            0.17
     398     23700.00            0.16
     399     23710.00            0.10
     400     23720.00            0.04
     401     23730.00            0.07
     402     23740.00            0.23
     403     23750.00            0.25
     404     23760.00            0.05
     405     23770.00            0.00
     406     23780.00            0.00
     407     23790.00            0.05
     408     23800.00            0.12
     409     23810.00            0.14
     410     23820.00            0.09
     411     23830.00            0.08
     412     23840.00            0.12
     413     23850.00            0.14
     414     23860.00            0.06
     415     23870.00            0.00
     416     23930.00            0.00
     417     23940.00            0.06
     418     23950.00            0.19
     419     23960.00            0.17
     420     23970.00            0.08
     421     23980.00            0.05
     422     23990.00            0.12
     423     24000.00            0.22
     424     24010.00            0.24
     425     24020.00            0.13
     426     24030.00            0.03
     427     24040.00            0.00
     428     24050.00            0.03
     429     24060.00            0.00
     430     24080.00            0.00
     431     24090.00            0.14
     432     24100.00            0.20
     433     24110.00            0.21
     434     24120.00            0.16
     435     24130.00            0.10
     436     24140.00            0.03
     437     24150.00            0.06
     438     24160.00            0.10
     439     24170.00            0.12
     440     24180.00            0.05
     441     24190.00            0.00
     442     24200.00            0.05
     443     24210.00            0.05
     444     24220.00            0.00
     445     24280.00            0.00
     446     24290.00            0.04
     447     24300.00            0.07
     448     24310.00            0.05
     449     24320.00            0.00
     450     24340.00            0.00
     451     24350.00            0.03
     452     24360.00            0.09
     453     24370.00            0.20
     454     24380.00            0.24
     455     24390.00            0.16
     456     24400.00            0.06
     457     24410.00            0.04
     458     24420.00            0.11
     459     24430.00            0.15
     460     24440.00            0.12
     461     24450.00            0.06
     462     24460.00            0.00
     463     24560.00            0.00
     464     24570.00            0.09
     465     24580.00            0.18
     466     24590.00            0.18
     467     24600.00            0.18
     468     24610.00            0.22
     469     24620.00            0.17
     470     24630.00            0.07
     471     24640.00            0.07
     472     24650.00            0.07
     473     24660.00            0.04
     474     24670.00            0.00
     475     24690.00            0.00
     476     24700.00            0.08
     477     24710.00            0.10
     478     24720.00            0.00
     479     24730.00            0.00
     480     24740.00            0.04
     481     24750.00            0.05
     482     24760.00            0.03
     483     24770.00            0.00
     484     24780.00            0.00
     485     24790.00            0.03
     486     24800.00            0.06
     487     24810.00            0.06
     488     24820.00            0.06
     489     24830.00            0.05
     490     24840.00            0.00
     491     24850.00            0.00
     492     24860.00            0.08
     493     24870.00            0.09
     494     24880.00            0.05
     495     24890.00            0.04
     496     24900.00            0.04
     497     24910.00            0.05
     498     24920.00            0.04
     499     24930.00            0.06
     500     24940.00            0.08
     501     24950.00            0.08
     502     24960.00            0.20
     503     24970.00            0.21
     504     24980.00            0.17
     505     24990.00            0.12
     506     25000.00            0.07
     507     25010.00            0.04
     508     25020.00            0.00
     509     25030.00            0.00
     510     25040.00            0.07
     511     25050.00            0.06
     512     25060.00            0.00
     513     25070.00            0.00
     514     25080.00            0.11
     515     25090.00            0.19
     516     25100.00            0.23
     517     25110.00            0.09
     518     25120.00            0.05
     519     25130.00            0.00
     520    100000.00            0.00