1	3000	2.21552e-05
2	3010	2.21496e-05
3	3020	2.60144e-05
4	3030	2.17149e-05
5	3040	2.27966e-05
6	3050	2.51759e-05
7	3060	2.31644e-05
8	3070	2.47387e-05
9	3080	2.63897e-05
10	3090	2.31014e-05
11	3100	2.23954e-05
12	3110	2.04098e-05
13	3120	2.1319e-05
14	3130	2.28641e-05
15	3140	2.23035e-05
16	3150	2.27717e-05
17	3160	2.47652e-05
18	3170	2.47934e-05
19	3180	2.48738e-05
20	3190	2.73667e-05
21	3200	2.85365e-05
22	3210	3.26519e-05
23	3220	3.33574e-05
24	3230	2.74442e-05
25	3240	2.74968e-05
26	3250	3.2003e-05
27	3260	3.23955e-05
28	3270	3.60093e-05
29	3280	4.84734e-05
30	3290	5.70214e-05
31	3300	4.64375e-05
32	3310	2.94743e-05
33	3320	2.85625e-05
34	3330	2.935e-05
35	3340	3.56332e-05
36	3350	4.30676e-05
37	3360	5.72151e-05
38	3370	9.39135e-05
39	3380	0.0001161824
40	3390	9.16503e-05
41	3400	5.17608e-05
42	3410	3.52775e-05
43	3420	2.98517e-05
44	3430	3.10637e-05
45	3440	3.87387e-05
46	3450	4.93819e-05
47	3460	5.06313e-05
48	3470	7.17934e-05
49	3480	0.0001147302
50	3490	0.0001121881
51	3500	6.85885e-05
52	3510	3.44761e-05
53	3520	3.05463e-05
54	3530	2.55498e-05
55	3540	2.29233e-05
56	3550	2.82469e-05
57	3560	2.90906e-05
58	3570	2.56943e-05
59	3580	2.64448e-05
60	3590	2.53422e-05
61	3600	2.11026e-05
62	3610	2.19543e-05
63	3620	2.43912e-05
64	3630	1.96836e-05
65	3640	2.42411e-05
66	3650	2.85224e-05
67	3660	3.1074e-05
68	3670	2.87775e-05
69	3680	2.54741e-05
70	3690	2.94368e-05
71	3700	2.78403e-05
72	3710	2.37636e-05
73	3720	2.32212e-05
74	3730	2.53403e-05
75	3740	2.68398e-05
76	3750	2.63721e-05
77	3760	2.8878e-05
78	3770	2.50666e-05
79	3780	2.1695e-05
80	3790	1.89873e-05
81	3800	2.21834e-05
82	3810	2.45955e-05
83	3820	2.24621e-05
84	3830	2.2747e-05
85	3840	1.95541e-05
86	3850	2.68963e-05
87	3860	2.91577e-05
88	3870	3.32017e-05
89	3880	2.94942e-05
90	3890	2.84304e-05
91	3900	2.49474e-05
92	3910	2.258e-05
93	3920	2.29387e-05
94	3930	2.17382e-05
95	3940	2.2361e-05
96	3950	2.26172e-05
97	3960	2.11182e-05
98	3970	2.16781e-05
99	3980	2.57407e-05
100	3990	2.5171e-05
101	4000	2.25137e-05
102	4010	2.11172e-05
103	4020	1.884e-05
104	4030	1.66194e-05
105	4040	2.05098e-05
106	4050	1.99955e-05
107	4060	1.79522e-05
108	4070	2.13135e-05
109	4080	2.09546e-05
110	4090	2.05534e-05
111	4100	2.0061e-05
112	4110	1.97619e-05
113	4120	1.98076e-05
114	4130	1.91826e-05
115	4140	1.88403e-05
116	4150	1.93726e-05
117	4160	1.79322e-05
118	4170	1.61007e-05
119	4180	1.99771e-05
120	4190	2.01551e-05
121	4200	1.49316e-05
122	4210	1.8644e-05
123	4220	1.94369e-05
124	4230	1.83506e-05
125	4240	1.79152e-05
126	4250	1.75587e-05
127	4260	2.01885e-05
128	4270	2.02702e-05
129	4280	1.72733e-05
130	4290	1.85917e-05
131	4300	1.74164e-05
132	4310	1.83306e-05
133	4320	2.15025e-05
134	4330	1.83899e-05
135	4340	2.05208e-05
136	4350	1.94975e-05
137	4360	2.04999e-05
138	4370	1.89774e-05
139	4380	1.82137e-05
140	4390	2.05632e-05
141	4400	1.9601e-05
142	4410	1.79661e-05
143	4420	1.82875e-05
144	4430	1.98547e-05
145	4440	1.76831e-05
146	4450	2.07003e-05
147	4460	1.94999e-05
148	4470	2.05511e-05
149	4480	2.30932e-05
150	4490	2.26571e-05
151	4500	2.13767e-05
152	4510	2.05888e-05
153	4520	2.22108e-05
154	4530	2.72198e-05
155	4540	3.95396e-05
156	4550	5.29201e-05
157	4560	5.44962e-05
158	4570	4.53551e-05
159	4580	3.58172e-05
160	4590	3.45285e-05
161	4600	2.7889e-05
162	4610	2.55399e-05
163	4620	2.1446e-05
164	4630	2.18201e-05
165	4640	2.06187e-05
166	4650	2.22913e-05
167	4660	2.31079e-05
168	4670	2.57817e-05
169	4680	2.81947e-05
170	4690	3.0196e-05
171	4700	3.10843e-05
172	4710	3.34479e-05
173	4720	3.28848e-05
174	4730	3.01847e-05
175	4740	2.69445e-05
176	4750	2.09333e-05
177	4760	2.33735e-05
178	4770	2.17765e-05
179	4780	2.32941e-05
180	4790	2.29867e-05
181	4800	2.29373e-05
182	4810	2.31267e-05
183	4820	2.0485e-05
184	4830	2.31751e-05
185	4840	2.11294e-05
186	4850	1.87729e-05
187	4860	1.93832e-05
188	4870	1.71327e-05
189	4880	1.85298e-05
190	4890	1.63473e-05
191	4900	1.77163e-05
192	4910	1.76196e-05
193	4920	1.95973e-05
194	4930	1.91119e-05
195	4940	2.15803e-05
196	4950	2.18123e-05
197	4960	2.07113e-05
198	4970	2.06786e-05
199	4980	2.05836e-05
200	4990	1.9033e-05
201	5000	1.75342e-05
202	5010	1.93574e-05
203	5020	1.86771e-05
204	5030	1.79159e-05
205	5040	1.77096e-05
206	5050	1.76485e-05
207	5060	1.6903e-05
208	5070	1.8424e-05
209	5080	1.78589e-05
210	5090	1.98147e-05
211	5100	2.18827e-05
212	5110	1.97797e-05
213	5120	1.99512e-05
214	5130	1.85643e-05
215	5140	1.97014e-05
216	5150	2.21701e-05
217	5160	2.35766e-05
218	5170	2.23645e-05
219	5180	2.5334e-05
220	5190	2.66102e-05
221	5200	3.17026e-05
222	5210	3.53836e-05
223	5220	3.73803e-05
224	5230	3.61351e-05
225	5240	3.37024e-05
226	5250	2.72628e-05
227	5260	2.25114e-05
228	5270	2.08499e-05
229	5280	2.02319e-05
230	5290	1.93816e-05
231	5300	1.92146e-05
232	5310	1.85505e-05
233	5320	1.82721e-05
234	5330	2.02891e-05
235	5340	2.3436e-05
236	5350	2.29022e-05
237	5360	2.66816e-05
238	5370	3.65973e-05
239	5380	3.96693e-05
240	5390	3.42678e-05
241	5400	2.70025e-05
242	5410	2.22284e-05
243	5420	2.28749e-05
244	5430	2.37568e-05
245	5440	2.40497e-05
246	5450	2.41926e-05
247	5460	2.65767e-05
248	5470	2.43815e-05
249	5480	2.54192e-05
250	5490	2.26551e-05
251	5500	2.1454e-05
252	5510	2.2519e-05
253	5520	2.24761e-05
254	5530	2.16961e-05
255	5540	1.905e-05
256	5550	2.0642e-05
257	5560	2.00546e-05
258	5570	2.08441e-05
259	5580	2.20278e-05
260	5590	1.94444e-05
261	5600	2.04787e-05
262	5610	2.02185e-05
263	5620	1.93646e-05
264	5630	1.88857e-05
265	5640	1.80061e-05
266	5650	2.1082e-05
267	5660	2.09019e-05
268	5670	2.73612e-05
269	5680	4.84548e-05
270	5690	0.0001315236
271	5700	0.0002107118
272	5710	0.0001572049
273	5720	5.40595e-05
274	5730	2.07618e-05
275	5740	1.61317e-05
276	5750	1.79939e-05
277	5760	1.8491e-05
278	5770	1.91312e-05
279	5780	1.95537e-05
280	5790	1.91393e-05
281	5800	1.84341e-05
282	5810	1.88059e-05
283	5820	2.07764e-05
284	5830	1.87312e-05
285	5840	1.86459e-05
286	5850	1.64213e-05
287	5860	1.93582e-05
288	5870	1.72551e-05
289	5880	1.77848e-05
290	5890	1.80405e-05
291	5900	1.73591e-05
292	5910	2.31311e-05
293	5920	2.24933e-05
294	5930	2.48244e-05
295	5940	1.95244e-05
296	5950	2.06419e-05
297	5960	1.79483e-05
298	5970	1.80221e-05
299	5980	1.6021e-05
300	5990	1.94987e-05
301	6000	1.91049e-05
302	6010	1.92431e-05
303	6020	1.92429e-05
304	6030	2.12068e-05
305	6040	1.56973e-05
306	6050	1.76e-05
307	6060	1.91263e-05
308	6070	2.09145e-05
309	6080	2.39155e-05
310	6090	2.3713e-05
311	6100	2.39888e-05
312	6110	2.27079e-05
313	6120	2.44284e-05
314	6130	2.12417e-05
315	6140	1.98067e-05
316	6150	1.62866e-05
317	6160	1.69277e-05
318	6170	1.63885e-05
319	6180	1.71411e-05
320	6190	1.81742e-05
321	6200	1.86295e-05
322	6210	1.83307e-05
323	6220	1.99815e-05
324	6230	2.01773e-05
325	6240	2.07069e-05
326	6250	2.04334e-05
327	6260	1.90486e-05
328	6270	1.80562e-05
329	6280	1.93233e-05
330	6290	1.91367e-05
331	6300	1.9713e-05
332	6310	1.87458e-05
333	6320	1.79707e-05
334	6330	1.66981e-05
335	6340	1.93177e-05
336	6350	1.82287e-05
337	6360	1.79644e-05
338	6370	1.95058e-05
339	6380	1.7442e-05
340	6390	1.68729e-05
341	6400	1.42519e-05
342	6410	1.29406e-05
343	6420	1.68842e-05
344	6430	1.51589e-05
345	6440	1.49034e-05
346	6450	1.58938e-05
347	6460	1.78066e-05
348	6470	2.11211e-05
349	6480	2.41098e-05
350	6490	3.23327e-05
351	6500	3.27085e-05
352	6510	2.62149e-05
353	6520	1.87014e-05
354	6530	1.50694e-05
355	6540	1.6038e-05
356	6550	1.63057e-05
357	6560	1.70668e-05
358	6570	1.60585e-05
359	6580	1.67016e-05
360	6590	1.90328e-05
361	6600	2.05402e-05
362	6610	1.84103e-05
363	6620	1.71626e-05
364	6630	1.57809e-05
365	6640	1.63397e-05
366	6650	1.4842e-05
367	6660	1.42278e-05
368	6670	1.91569e-05
369	6680	1.72861e-05
370	6690	1.77831e-05
371	6700	1.87985e-05
372	6710	1.71979e-05
373	6720	1.78769e-05
374	6730	1.84586e-05
375	6740	1.50216e-05
376	6750	1.52207e-05
377	6760	1.61475e-05
378	6770	1.75103e-05
379	6780	1.56001e-05
380	6790	1.33054e-05
381	6800	1.69668e-05
382	6810	1.63312e-05
383	6820	1.58864e-05
384	6830	1.70344e-05
385	6840	1.64929e-05
386	6850	1.66762e-05
387	6860	1.78211e-05
388	6870	1.49062e-05
389	6880	1.63921e-05
390	6890	1.56567e-05
391	6900	1.69247e-05
392	6910	1.7389e-05
393	6920	1.6828e-05
394	6930	1.83531e-05
395	6940	1.96167e-05
396	6950	1.83015e-05
397	6960	1.95576e-05
398	6970	1.7896e-05
399	6980	1.60735e-05
400	6990	1.80095e-05
401	7000	1.59569e-05
402	7010	1.60927e-05
403	7020	1.83213e-05
404	7030	1.58482e-05
405	7040	1.8555e-05
406	7050	1.75381e-05
407	7060	1.54068e-05
408	7070	1.91306e-05
409	7080	1.63353e-05
410	7090	1.99543e-05
411	7100	1.67125e-05
412	7110	1.75242e-05
413	7120	1.73177e-05
414	7130	1.84333e-05
415	7140	1.91097e-05
416	7150	1.66905e-05
417	7160	1.73947e-05
418	7170	1.93729e-05
419	7180	1.64123e-05
420	7190	1.75688e-05
421	7200	1.69416e-05
422	7210	1.77402e-05
423	7220	1.79271e-05
424	7230	1.85704e-05
425	7240	1.68416e-05
426	7250	1.74363e-05
427	7260	1.6118e-05
428	7270	1.65476e-05
429	7280	1.6572e-05
430	7290	1.50722e-05
431	7300	1.68946e-05
432	7310	1.47289e-05
433	7320	1.49752e-05
434	7330	1.77877e-05
435	7340	1.66059e-05
436	7350	1.81871e-05
437	7360	1.80096e-05
438	7370	1.5996e-05
439	7380	1.51087e-05
440	7390	1.66205e-05
441	7400	1.69773e-05
442	7410	1.43694e-05
443	7420	1.60118e-05
444	7430	1.6213e-05
445	7440	1.54108e-05
446	7450	1.87154e-05
447	7460	1.7359e-05
448	7470	1.57185e-05
449	7480	1.67883e-05
450	7490	1.62266e-05
451	7500	1.60044e-05
452	7510	1.78357e-05
453	7520	1.68211e-05
454	7530	1.62246e-05
455	7540	1.57607e-05
456	7550	1.89175e-05
457	7560	1.62729e-05
458	7570	1.88004e-05
459	7580	1.99542e-05
460	7590	1.68129e-05
461	7600	1.72766e-05
462	7610	2.0534e-05
463	7620	1.65224e-05
464	7630	1.50371e-05
465	7640	1.82572e-05
466	7650	1.80412e-05
467	7660	1.71694e-05
468	7670	1.66217e-05
469	7680	1.7541e-05
470	7690	2.0317e-05
471	7700	1.74052e-05
472	7710	1.80359e-05
473	7720	1.95096e-05
474	7730	1.61923e-05
475	7740	1.75741e-05
476	7750	1.63032e-05
477	7760	1.97912e-05
478	7770	1.89449e-05
479	7780	1.84458e-05
480	7790	1.92947e-05
481	7800	2.00031e-05
482	7810	1.87343e-05
483	7820	1.80497e-05
484	7830	1.85955e-05
485	7840	2.0387e-05
486	7850	1.69603e-05
487	7860	1.7113e-05
488	7870	1.66867e-05
489	7880	2.048e-05
490	7890	1.72223e-05
491	7900	1.65482e-05
492	7910	1.52725e-05
493	7920	1.92515e-05
494	7930	1.68131e-05
495	7940	1.65448e-05
496	7950	1.46099e-05
497	7960	1.69504e-05
498	7970	1.7251e-05
499	7980	1.86878e-05
500	7990	1.90781e-05
501	8000	1.76533e-05
502	8010	1.92241e-05
503	8020	1.88631e-05
504	8030	1.76824e-05
505	8040	1.6752e-05
506	8050	1.8745e-05
507	8060	1.90911e-05
508	8070	1.98445e-05
509	8080	2.09033e-05
510	8090	2.01253e-05
511	8100	2.04325e-05
512	8110	2.40821e-05
513	8120	2.29172e-05
514	8130	2.88052e-05
515	8140	3.28193e-05
516	8150	3.81504e-05
517	8160	4.93947e-05
518	8170	6.4822e-05
519	8180	7.68765e-05
520	8190	9.52726e-05
521	8200	0.0001092688
522	8210	0.0001281481
523	8220	0.0001508535
524	8230	0.0001767789
525	8240	0.0002136291
526	8250	0.0002659042
527	8260	0.0003357844
528	8270	0.0004433004
529	8280	0.0005853037
530	8290	0.000802479
531	8300	0.0011092979
532	8310	0.0015567629
533	8320	0.0022138821
534	8330	0.0031594193
535	8340	0.004568373
536	8350	0.0066910249
537	8360	0.0099349499
538	8370	0.0150513971
539	8380	0.0212710586
540	8390	0.0237501414
541	8400	0.0274403862
542	8410	0.0331121448
543	8420	0.0417912276
544	8430	0.0549952965
545	8440	0.0755911414
546	8450	0.1073176897
547	8460	0.1542966448
548	8470	0.2200398586
549	8480	0.3053595207
550	8490	0.4063275517
551	8500	0.5151821034
552	8510	0.6220096552
553	8520	0.7169527586
554	8530	0.793688
555	8540	0.8503697931
556	8550	0.8883037241
557	8560	0.9108718621
558	8570	0.9222024483
559	8580	0.9263952414
560	8590	0.9265912414
561	8600	0.9253281034
562	8610	0.9246241724
563	8620	0.9254753793
564	8630	0.9284224483
565	8640	0.9331078966
566	8650	0.9387703103
567	8660	0.9447881724
568	8670	0.9502047586
569	8680	0.9544791724
570	8690	0.9574262414
571	8700	0.9591175517
572	8710	0.9596703448
573	8720	0.9594359655
574	8730	0.9587898276
575	8740	0.958117069
576	8750	0.9577550345
577	8760	0.9578500345
578	8770	0.9585485172
579	8780	0.9598385517
580	8790	0.961661069
581	8800	0.9640143448
582	8810	0.9664269655
583	8820	0.968816931
584	8830	0.9710404828
585	8840	0.972888
586	8850	0.9742983103
587	8860	0.9751457931
588	8870	0.9753057241
589	8880	0.9747488276
590	8890	0.9735998276
591	8900	0.9722111379
592	8910	0.9705672414
593	8920	0.9687380345
594	8930	0.9669061724
595	8940	0.9653332759
596	8950	0.9642453448
597	8960	0.9636672069
598	8970	0.963634931
599	8980	0.9642011379
600	8990	0.9652657241
601	9000	0.9668707241
602	9010	0.9688285862
603	9020	0.9708992069
604	9030	0.9729114483
605	9040	0.9746666207
606	9050	0.9759740345
607	9060	0.9767020345
608	9070	0.9768177586
609	9080	0.9764132069
610	9090	0.9755968966
611	9100	0.9745434138
612	9110	0.9734622069
613	9120	0.9725546207
614	9130	0.9719262759
615	9140	0.9717001034
616	9150	0.9720278621
617	9160	0.9729244483
618	9170	0.9741575862
619	9180	0.9757823103
620	9190	0.9775217241
621	9200	0.979163
622	9210	0.9805670345
623	9220	0.9814606897
624	9230	0.9818432414
625	9240	0.9815585517
626	9250	0.9804994483
627	9260	0.9787303103
628	9270	0.9764858966
629	9280	0.9738671724
630	9290	0.9710298966
631	9300	0.968206
632	9310	0.9657003793
633	9320	0.9635934828
634	9330	0.9620648621
635	9340	0.9611768966
636	9350	0.9608474828
637	9360	0.9610737931
638	9370	0.9617291724
639	9380	0.962768069
640	9390	0.9640894138
641	9400	0.9654100345
642	9410	0.9667748276
643	9420	0.9678801379
644	9430	0.9686003448
645	9440	0.9690074828
646	9450	0.9690490345
647	9460	0.968665931
648	9470	0.9678788966
649	9480	0.9668982414
650	9490	0.9661062069
651	9500	0.9652042759
652	9510	0.9645486897
653	9520	0.9642218621
654	9530	0.9641163103
655	9540	0.9644324483
656	9550	0.9651504138
657	9560	0.966137069
658	9570	0.9672747586
659	9580	0.9685158621
660	9590	0.9696984138
661	9600	0.9707386207
662	9610	0.9715876207
663	9620	0.9722303793
664	9630	0.9726866552
665	9640	0.9728904138
666	9650	0.9730137586
667	9660	0.9732246552
668	9670	0.9735903103
669	9680	0.9741433103
670	9690	0.9749569655
671	9700	0.9760832759
672	9710	0.9774775862
673	9720	0.9789318621
674	9730	0.9803728621
675	9740	0.9816392069
676	9750	0.9825799655
677	9760	0.9830843448
678	9770	0.9830538621
679	9780	0.982411069
680	9790	0.9812274483
681	9800	0.9796438276
682	9810	0.9777727931
683	9820	0.9757487241
684	9830	0.9736176207
685	9840	0.9714498966
686	9850	0.9693192414
687	9860	0.9671482069
688	9870	0.9647593103
689	9880	0.962105069
690	9890	0.959147931
691	9900	0.9557576207
692	9910	0.9521435862
693	9920	0.9482381379
694	9930	0.9434404483
695	9940	0.9363032759
696	9950	0.924093069
697	9960	0.9030053103
698	9970	0.8693748276
699	9980	0.8203393103
700	9990	0.7544106552
701	10000	0.6728032414
702	10010	0.5796488966
703	10020	0.4808346552
704	10030	0.383178
705	10040	0.2936553103
706	10050	0.2169526483
707	10060	0.1554454552
708	10070	0.1091227241
709	10080	0.0759602069
710	10090	0.0531949207
711	10100	0.0380400172
712	10110	0.0281131966
713	10120	0.0215963448
714	10130	0.0171586414
715	10140	0.0141215345
716	10150	0.0120120372
717	10160	0.0105059134
718	10170	0.0093523214
719	10180	0.0084316003
720	10190	0.0076942603
721	10200	0.0071296234
722	10210	0.0067200741
723	10220	0.0051265913
724	10230	0.0031762457
725	10240	0.0019285202
726	10250	0.0010848592
727	10260	0.0005340676
728	10270	0.0001502163
729	10280	-0.0001181845
730	10290	-0.0003073456
731	10300	-0.0004396031
732	10310	-0.000530777
733	10320	-0.0006005574
734	10330	-0.0006490862
735	10340	-0.0006965119
736	10350	-0.0007206469
737	10360	-0.0007413752
738	10370	-0.0007550475
739	10380	-0.0007725631
740	10390	-0.0007765582
741	10400	-0.0007883475
742	10410	-0.0007904601
743	10420	-0.0007984959
744	10430	-0.0008051312
745	10440	-0.0008103105
746	10450	-0.0008121686
747	10460	-0.0008079203
748	10470	-0.0008163605
749	10480	-0.0008236267
750	10490	-0.0008179546
751	10500	-0.0008170501
752	10510	-0.0008225887
753	10520	-0.0008164231
754	10530	-0.0008228975
755	10540	-0.0008181048
756	10550	-0.0008129183
757	10560	-0.0008304794
758	10570	-0.0008289564
759	10580	-0.0008254421
760	10590	-0.0008293746
761	10600	-0.0008227358
762	10610	-0.0008206809
763	10620	-0.0008279353
764	10630	-0.0008240388
765	10640	-0.0008229497
766	10650	-0.0008289828
767	10660	-0.0008206539
768	10670	-0.0008268478
769	10680	-0.0008202362
770	10690	-0.0008340985
771	10700	-0.0008226427
772	10710	-0.000829342
773	10720	-0.0008238182
774	10730	-0.0008311738
775	10740	-0.0008248539
776	10750	-0.000820122
777	10760	-0.0008222649
778	10770	-0.0008341536
779	10780	-0.0008333993
780	10790	-0.0008177968
781	10800	-0.0008308921
782	10810	-0.0008181951
783	10820	-0.0008283906
784	10830	-0.0008296668
785	10840	-0.0008273658
786	10850	-0.0008269494
787	10860	-0.0008264992
788	10870	-0.0008326706
789	10880	-0.0008200075
790	10890	-0.0008291194
791	10900	-0.0008277959
792	10910	-0.0008277964
793	10920	-0.0008262309
794	10930	-0.000830761
795	10940	-0.0008242526
796	10950	-0.0008253679
797	10960	-0.0008277018
798	10970	-0.0008298165
799	10980	-0.000825786
800	10990	-0.0008194089
801	11000	-0.0008360283
