       1       1690.0      0.0000e+00
       2       1691.0      2.4500e-03
       3       1692.0      4.9000e-03
       4       1693.0      7.3500e-03
       5       1694.0      9.8000e-03
       6       1695.0      1.2250e-02
       7       1696.0      1.4700e-02
       8       1697.0      1.7150e-02
       9       1698.0      1.9600e-02
      10       1699.0      2.2050e-02
      11       1700.0      2.4500e-02
      12       1701.0      2.4676e-02
      13       1702.0      2.4852e-02
      14       1703.0      2.5028e-02
      15       1704.0      2.5204e-02
      16       1705.0      2.5380e-02
      17       1706.0      2.5556e-02
      18       1707.0      2.5732e-02
      19       1708.0      2.5908e-02
      20       1709.0      2.6084e-02
      21       1710.0      2.6260e-02
      22       1711.0      2.6436e-02
      23       1712.0      2.6612e-02
      24       1713.0      2.6788e-02
      25       1714.0      2.6964e-02
      26       1715.0      2.7140e-02
      27       1716.0      2.7316e-02
      28       1717.0      2.7492e-02
      29       1718.0      2.7668e-02
      30       1719.0      2.7844e-02
      31       1720.0      2.8020e-02
      32       1721.0      2.8196e-02
      33       1722.0      2.8372e-02
      34       1723.0      2.8548e-02
      35       1724.0      2.8724e-02
      36       1725.0      2.8900e-02
      37       1726.0      2.9076e-02
      38       1727.0      2.9252e-02
      39       1728.0      2.9428e-02
      40       1729.0      2.9604e-02
      41       1730.0      2.9780e-02
      42       1731.0      2.9956e-02
      43       1732.0      3.0132e-02
      44       1733.0      3.0308e-02
      45       1734.0      3.0484e-02
      46       1735.0      3.0660e-02
      47       1736.0      3.0836e-02
      48       1737.0      3.1012e-02
      49       1738.0      3.1188e-02
      50       1739.0      3.1364e-02
      51       1740.0      3.1540e-02
      52       1741.0      3.1716e-02
      53       1742.0      3.1892e-02
      54       1743.0      3.2068e-02
      55       1744.0      3.2244e-02
      56       1745.0      3.2420e-02
      57       1746.0      3.2596e-02
      58       1747.0      3.2772e-02
      59       1748.0      3.2948e-02
      60       1749.0      3.3124e-02
      61       1750.0      3.3300e-02
      62       1751.0      3.4672e-02
      63       1752.0      3.6044e-02
      64       1753.0      3.7416e-02
      65       1754.0      3.8788e-02
      66       1755.0      4.0160e-02
      67       1756.0      4.1532e-02
      68       1757.0      4.2904e-02
      69       1758.0      4.4276e-02
      70       1759.0      4.5648e-02
      71       1760.0      4.7020e-02
      72       1761.0      4.8392e-02
      73       1762.0      4.9764e-02
      74       1763.0      5.1136e-02
      75       1764.0      5.2508e-02
      76       1765.0      5.3880e-02
      77       1766.0      5.5252e-02
      78       1767.0      5.6624e-02
      79       1768.0      5.7996e-02
      80       1769.0      5.9368e-02
      81       1770.0      6.0740e-02
      82       1771.0      6.2112e-02
      83       1772.0      6.3484e-02
      84       1773.0      6.4856e-02
      85       1774.0      6.6228e-02
      86       1775.0      6.7600e-02
      87       1776.0      6.8972e-02
      88       1777.0      7.0344e-02
      89       1778.0      7.1716e-02
      90       1779.0      7.3088e-02
      91       1780.0      7.4460e-02
      92       1781.0      7.5832e-02
      93       1782.0      7.7204e-02
      94       1783.0      7.8576e-02
      95       1784.0      7.9948e-02
      96       1785.0      8.1320e-02
      97       1786.0      8.2692e-02
      98       1787.0      8.4064e-02
      99       1788.0      8.5436e-02
     100       1789.0      8.6808e-02
     101       1790.0      8.8180e-02
     102       1791.0      8.9552e-02
     103       1792.0      9.0924e-02
     104       1793.0      9.2296e-02
     105       1794.0      9.3668e-02
     106       1795.0      9.5040e-02
     107       1796.0      9.6412e-02
     108       1797.0      9.7784e-02
     109       1798.0      9.9156e-02
     110       1799.0      1.0053e-01
     111       1800.0      1.0190e-01
     112       1801.0      1.0338e-01
     113       1802.0      1.0486e-01
     114       1803.0      1.0634e-01
     115       1804.0      1.0782e-01
     116       1805.0      1.0930e-01
     117       1806.0      1.1078e-01
     118       1807.0      1.1226e-01
     119       1808.0      1.1374e-01
     120       1809.0      1.1522e-01
     121       1810.0      1.1670e-01
     122       1811.0      1.1818e-01
     123       1812.0      1.1966e-01
     124       1813.0      1.2114e-01
     125       1814.0      1.2262e-01
     126       1815.0      1.2410e-01
     127       1816.0      1.2558e-01
     128       1817.0      1.2706e-01
     129       1818.0      1.2854e-01
     130       1819.0      1.3002e-01
     131       1820.0      1.3150e-01
     132       1821.0      1.3298e-01
     133       1822.0      1.3446e-01
     134       1823.0      1.3594e-01
     135       1824.0      1.3742e-01
     136       1825.0      1.3890e-01
     137       1826.0      1.4038e-01
     138       1827.0      1.4186e-01
     139       1828.0      1.4334e-01
     140       1829.0      1.4482e-01
     141       1830.0      1.4630e-01
     142       1831.0      1.4778e-01
     143       1832.0      1.4926e-01
     144       1833.0      1.5074e-01
     145       1834.0      1.5222e-01
     146       1835.0      1.5370e-01
     147       1836.0      1.5518e-01
     148       1837.0      1.5666e-01
     149       1838.0      1.5814e-01
     150       1839.0      1.5962e-01
     151       1840.0      1.6110e-01
     152       1841.0      1.6258e-01
     153       1842.0      1.6406e-01
     154       1843.0      1.6554e-01
     155       1844.0      1.6702e-01
     156       1845.0      1.6850e-01
     157       1846.0      1.6998e-01
     158       1847.0      1.7146e-01
     159       1848.0      1.7294e-01
     160       1849.0      1.7442e-01
     161       1850.0      1.7590e-01
     162       1851.0      1.7772e-01
     163       1852.0      1.7954e-01
     164       1853.0      1.8136e-01
     165       1854.0      1.8318e-01
     166       1855.0      1.8500e-01
     167       1856.0      1.8682e-01
     168       1857.0      1.8864e-01
     169       1858.0      1.9046e-01
     170       1859.0      1.9228e-01
     171       1860.0      1.9410e-01
     172       1861.0      1.9592e-01
     173       1862.0      1.9774e-01
     174       1863.0      1.9956e-01
     175       1864.0      2.0138e-01
     176       1865.0      2.0320e-01
     177       1866.0      2.0502e-01
     178       1867.0      2.0684e-01
     179       1868.0      2.0866e-01
     180       1869.0      2.1048e-01
     181       1870.0      2.1230e-01
     182       1871.0      2.1412e-01
     183       1872.0      2.1594e-01
     184       1873.0      2.1776e-01
     185       1874.0      2.1958e-01
     186       1875.0      2.2140e-01
     187       1876.0      2.2322e-01
     188       1877.0      2.2504e-01
     189       1878.0      2.2686e-01
     190       1879.0      2.2868e-01
     191       1880.0      2.3050e-01
     192       1881.0      2.3232e-01
     193       1882.0      2.3414e-01
     194       1883.0      2.3596e-01
     195       1884.0      2.3778e-01
     196       1885.0      2.3960e-01
     197       1886.0      2.4142e-01
     198       1887.0      2.4324e-01
     199       1888.0      2.4506e-01
     200       1889.0      2.4688e-01
     201       1890.0      2.4870e-01
     202       1891.0      2.5052e-01
     203       1892.0      2.5234e-01
     204       1893.0      2.5416e-01
     205       1894.0      2.5598e-01
     206       1895.0      2.5780e-01
     207       1896.0      2.5962e-01
     208       1897.0      2.6144e-01
     209       1898.0      2.6326e-01
     210       1899.0      2.6508e-01
     211       1900.0      2.6690e-01
     212       1901.0      2.6824e-01
     213       1902.0      2.6957e-01
     214       1903.0      2.7091e-01
     215       1904.0      2.7224e-01
     216       1905.0      2.7358e-01
     217       1906.0      2.7492e-01
     218       1907.0      2.7625e-01
     219       1908.0      2.7759e-01
     220       1909.0      2.7892e-01
     221       1910.0      2.8026e-01
     222       1911.0      2.8160e-01
     223       1912.0      2.8293e-01
     224       1913.0      2.8427e-01
     225       1914.0      2.8560e-01
     226       1915.0      2.8694e-01
     227       1916.0      2.8828e-01
     228       1917.0      2.8961e-01
     229       1918.0      2.9095e-01
     230       1919.0      2.9228e-01
     231       1920.0      2.9362e-01
     232       1921.0      2.9496e-01
     233       1922.0      2.9629e-01
     234       1923.0      2.9763e-01
     235       1924.0      2.9896e-01
     236       1925.0      3.0030e-01
     237       1926.0      3.0164e-01
     238       1927.0      3.0297e-01
     239       1928.0      3.0431e-01
     240       1929.0      3.0564e-01
     241       1930.0      3.0698e-01
     242       1931.0      3.0832e-01
     243       1932.0      3.0965e-01
     244       1933.0      3.1099e-01
     245       1934.0      3.1232e-01
     246       1935.0      3.1366e-01
     247       1936.0      3.1500e-01
     248       1937.0      3.1633e-01
     249       1938.0      3.1767e-01
     250       1939.0      3.1900e-01
     251       1940.0      3.2034e-01
     252       1941.0      3.2168e-01
     253       1942.0      3.2301e-01
     254       1943.0      3.2435e-01
     255       1944.0      3.2568e-01
     256       1945.0      3.2702e-01
     257       1946.0      3.2836e-01
     258       1947.0      3.2969e-01
     259       1948.0      3.3103e-01
     260       1949.0      3.3236e-01
     261       1950.0      3.3370e-01
     262       1951.0      3.3601e-01
     263       1952.0      3.3832e-01
     264       1953.0      3.4064e-01
     265       1954.0      3.4295e-01
     266       1955.0      3.4526e-01
     267       1956.0      3.4757e-01
     268       1957.0      3.4988e-01
     269       1958.0      3.5220e-01
     270       1959.0      3.5451e-01
     271       1960.0      3.5682e-01
     272       1961.0      3.5913e-01
     273       1962.0      3.6144e-01
     274       1963.0      3.6376e-01
     275       1964.0      3.6607e-01
     276       1965.0      3.6838e-01
     277       1966.0      3.7069e-01
     278       1967.0      3.7300e-01
     279       1968.0      3.7532e-01
     280       1969.0      3.7763e-01
     281       1970.0      3.7994e-01
     282       1971.0      3.8225e-01
     283       1972.0      3.8456e-01
     284       1973.0      3.8688e-01
     285       1974.0      3.8919e-01
     286       1975.0      3.9150e-01
     287       1976.0      3.9381e-01
     288       1977.0      3.9612e-01
     289       1978.0      3.9844e-01
     290       1979.0      4.0075e-01
     291       1980.0      4.0306e-01
     292       1981.0      4.0537e-01
     293       1982.0      4.0768e-01
     294       1983.0      4.1000e-01
     295       1984.0      4.1231e-01
     296       1985.0      4.1462e-01
     297       1986.0      4.1693e-01
     298       1987.0      4.1924e-01
     299       1988.0      4.2156e-01
     300       1989.0      4.2387e-01
     301       1990.0      4.2618e-01
     302       1991.0      4.2849e-01
     303       1992.0      4.3080e-01
     304       1993.0      4.3312e-01
     305       1994.0      4.3543e-01
     306       1995.0      4.3774e-01
     307       1996.0      4.4005e-01
     308       1997.0      4.4236e-01
     309       1998.0      4.4468e-01
     310       1999.0      4.4699e-01
     311       2000.0      4.4930e-01
     312       2001.0      4.4974e-01
     313       2002.0      4.5017e-01
     314       2003.0      4.5061e-01
     315       2004.0      4.5104e-01
     316       2005.0      4.5148e-01
     317       2006.0      4.5192e-01
     318       2007.0      4.5235e-01
     319       2008.0      4.5279e-01
     320       2009.0      4.5322e-01
     321       2010.0      4.5366e-01
     322       2011.0      4.5410e-01
     323       2012.0      4.5453e-01
     324       2013.0      4.5497e-01
     325       2014.0      4.5540e-01
     326       2015.0      4.5584e-01
     327       2016.0      4.5628e-01
     328       2017.0      4.5671e-01
     329       2018.0      4.5715e-01
     330       2019.0      4.5758e-01
     331       2020.0      4.5802e-01
     332       2021.0      4.5846e-01
     333       2022.0      4.5889e-01
     334       2023.0      4.5933e-01
     335       2024.0      4.5976e-01
     336       2025.0      4.6020e-01
     337       2026.0      4.6064e-01
     338       2027.0      4.6107e-01
     339       2028.0      4.6151e-01
     340       2029.0      4.6194e-01
     341       2030.0      4.6238e-01
     342       2031.0      4.6282e-01
     343       2032.0      4.6325e-01
     344       2033.0      4.6369e-01
     345       2034.0      4.6412e-01
     346       2035.0      4.6456e-01
     347       2036.0      4.6500e-01
     348       2037.0      4.6543e-01
     349       2038.0      4.6587e-01
     350       2039.0      4.6630e-01
     351       2040.0      4.6674e-01
     352       2041.0      4.6718e-01
     353       2042.0      4.6761e-01
     354       2043.0      4.6805e-01
     355       2044.0      4.6848e-01
     356       2045.0      4.6892e-01
     357       2046.0      4.6936e-01
     358       2047.0      4.6979e-01
     359       2048.0      4.7023e-01
     360       2049.0      4.7066e-01
     361       2050.0      4.7110e-01
     362       2051.0      4.7220e-01
     363       2052.0      4.7330e-01
     364       2053.0      4.7439e-01
     365       2054.0      4.7549e-01
     366       2055.0      4.7659e-01
     367       2056.0      4.7769e-01
     368       2057.0      4.7879e-01
     369       2058.0      4.7988e-01
     370       2059.0      4.8098e-01
     371       2060.0      4.8208e-01
     372       2061.0      4.8318e-01
     373       2062.0      4.8428e-01
     374       2063.0      4.8537e-01
     375       2064.0      4.8647e-01
     376       2065.0      4.8757e-01
     377       2066.0      4.8867e-01
     378       2067.0      4.8977e-01
     379       2068.0      4.9086e-01
     380       2069.0      4.9196e-01
     381       2070.0      4.9306e-01
     382       2071.0      4.9416e-01
     383       2072.0      4.9526e-01
     384       2073.0      4.9635e-01
     385       2074.0      4.9745e-01
     386       2075.0      4.9855e-01
     387       2076.0      4.9965e-01
     388       2077.0      5.0075e-01
     389       2078.0      5.0184e-01
     390       2079.0      5.0294e-01
     391       2080.0      5.0404e-01
     392       2081.0      5.0514e-01
     393       2082.0      5.0624e-01
     394       2083.0      5.0733e-01
     395       2084.0      5.0843e-01
     396       2085.0      5.0953e-01
     397       2086.0      5.1063e-01
     398       2087.0      5.1173e-01
     399       2088.0      5.1282e-01
     400       2089.0      5.1392e-01
     401       2090.0      5.1502e-01
     402       2091.0      5.1612e-01
     403       2092.0      5.1722e-01
     404       2093.0      5.1831e-01
     405       2094.0      5.1941e-01
     406       2095.0      5.2051e-01
     407       2096.0      5.2161e-01
     408       2097.0      5.2271e-01
     409       2098.0      5.2380e-01
     410       2099.0      5.2490e-01
     411       2100.0      5.2600e-01
     412       2101.0      5.2738e-01
     413       2102.0      5.2876e-01
     414       2103.0      5.3014e-01
     415       2104.0      5.3152e-01
     416       2105.0      5.3290e-01
     417       2106.0      5.3428e-01
     418       2107.0      5.3566e-01
     419       2108.0      5.3704e-01
     420       2109.0      5.3842e-01
     421       2110.0      5.3980e-01
     422       2111.0      5.4118e-01
     423       2112.0      5.4256e-01
     424       2113.0      5.4394e-01
     425       2114.0      5.4532e-01
     426       2115.0      5.4670e-01
     427       2116.0      5.4808e-01
     428       2117.0      5.4946e-01
     429       2118.0      5.5084e-01
     430       2119.0      5.5222e-01
     431       2120.0      5.5360e-01
     432       2121.0      5.5498e-01
     433       2122.0      5.5636e-01
     434       2123.0      5.5774e-01
     435       2124.0      5.5912e-01
     436       2125.0      5.6050e-01
     437       2126.0      5.6188e-01
     438       2127.0      5.6326e-01
     439       2128.0      5.6464e-01
     440       2129.0      5.6602e-01
     441       2130.0      5.6740e-01
     442       2131.0      5.6878e-01
     443       2132.0      5.7016e-01
     444       2133.0      5.7154e-01
     445       2134.0      5.7292e-01
     446       2135.0      5.7430e-01
     447       2136.0      5.7568e-01
     448       2137.0      5.7706e-01
     449       2138.0      5.7844e-01
     450       2139.0      5.7982e-01
     451       2140.0      5.8120e-01
     452       2141.0      5.8258e-01
     453       2142.0      5.8396e-01
     454       2143.0      5.8534e-01
     455       2144.0      5.8672e-01
     456       2145.0      5.8810e-01
     457       2146.0      5.8948e-01
     458       2147.0      5.9086e-01
     459       2148.0      5.9224e-01
     460       2149.0      5.9362e-01
     461       2150.0      5.9500e-01
     462       2151.0      5.9543e-01
     463       2152.0      5.9586e-01
     464       2153.0      5.9630e-01
     465       2154.0      5.9673e-01
     466       2155.0      5.9716e-01
     467       2156.0      5.9759e-01
     468       2157.0      5.9802e-01
     469       2158.0      5.9846e-01
     470       2159.0      5.9889e-01
     471       2160.0      5.9932e-01
     472       2161.0      5.9975e-01
     473       2162.0      6.0018e-01
     474       2163.0      6.0062e-01
     475       2164.0      6.0105e-01
     476       2165.0      6.0148e-01
     477       2166.0      6.0191e-01
     478       2167.0      6.0234e-01
     479       2168.0      6.0278e-01
     480       2169.0      6.0321e-01
     481       2170.0      6.0364e-01
     482       2171.0      6.0407e-01
     483       2172.0      6.0450e-01
     484       2173.0      6.0494e-01
     485       2174.0      6.0537e-01
     486       2175.0      6.0580e-01
     487       2176.0      6.0623e-01
     488       2177.0      6.0666e-01
     489       2178.0      6.0710e-01
     490       2179.0      6.0753e-01
     491       2180.0      6.0796e-01
     492       2181.0      6.0839e-01
     493       2182.0      6.0882e-01
     494       2183.0      6.0926e-01
     495       2184.0      6.0969e-01
     496       2185.0      6.1012e-01
     497       2186.0      6.1055e-01
     498       2187.0      6.1098e-01
     499       2188.0      6.1142e-01
     500       2189.0      6.1185e-01
     501       2190.0      6.1228e-01
     502       2191.0      6.1271e-01
     503       2192.0      6.1314e-01
     504       2193.0      6.1358e-01
     505       2194.0      6.1401e-01
     506       2195.0      6.1444e-01
     507       2196.0      6.1487e-01
     508       2197.0      6.1530e-01
     509       2198.0      6.1574e-01
     510       2199.0      6.1617e-01
     511       2200.0      6.1660e-01
     512       2201.0      6.1555e-01
     513       2202.0      6.1450e-01
     514       2203.0      6.1346e-01
     515       2204.0      6.1241e-01
     516       2205.0      6.1136e-01
     517       2206.0      6.1031e-01
     518       2207.0      6.0926e-01
     519       2208.0      6.0822e-01
     520       2209.0      6.0717e-01
     521       2210.0      6.0612e-01
     522       2211.0      6.0507e-01
     523       2212.0      6.0402e-01
     524       2213.0      6.0298e-01
     525       2214.0      6.0193e-01
     526       2215.0      6.0088e-01
     527       2216.0      5.9983e-01
     528       2217.0      5.9878e-01
     529       2218.0      5.9774e-01
     530       2219.0      5.9669e-01
     531       2220.0      5.9564e-01
     532       2221.0      5.9459e-01
     533       2222.0      5.9354e-01
     534       2223.0      5.9250e-01
     535       2224.0      5.9145e-01
     536       2225.0      5.9040e-01
     537       2226.0      5.8935e-01
     538       2227.0      5.8830e-01
     539       2228.0      5.8726e-01
     540       2229.0      5.8621e-01
     541       2230.0      5.8516e-01
     542       2231.0      5.8411e-01
     543       2232.0      5.8306e-01
     544       2233.0      5.8202e-01
     545       2234.0      5.8097e-01
     546       2235.0      5.7992e-01
     547       2236.0      5.7887e-01
     548       2237.0      5.7782e-01
     549       2238.0      5.7678e-01
     550       2239.0      5.7573e-01
     551       2240.0      5.7468e-01
     552       2241.0      5.7363e-01
     553       2242.0      5.7258e-01
     554       2243.0      5.7154e-01
     555       2244.0      5.7049e-01
     556       2245.0      5.6944e-01
     557       2246.0      5.6839e-01
     558       2247.0      5.6734e-01
     559       2248.0      5.6630e-01
     560       2249.0      5.6525e-01
     561       2250.0      5.6420e-01
     562       2251.0      5.6353e-01
     563       2252.0      5.6286e-01
     564       2253.0      5.6218e-01
     565       2254.0      5.6151e-01
     566       2255.0      5.6084e-01
     567       2256.0      5.6017e-01
     568       2257.0      5.5950e-01
     569       2258.0      5.5882e-01
     570       2259.0      5.5815e-01
     571       2260.0      5.5748e-01
     572       2261.0      5.5681e-01
     573       2262.0      5.5614e-01
     574       2263.0      5.5546e-01
     575       2264.0      5.5479e-01
     576       2265.0      5.5412e-01
     577       2266.0      5.5345e-01
     578       2267.0      5.5278e-01
     579       2268.0      5.5210e-01
     580       2269.0      5.5143e-01
     581       2270.0      5.5076e-01
     582       2271.0      5.5009e-01
     583       2272.0      5.4942e-01
     584       2273.0      5.4874e-01
     585       2274.0      5.4807e-01
     586       2275.0      5.4740e-01
     587       2276.0      5.4673e-01
     588       2277.0      5.4606e-01
     589       2278.0      5.4538e-01
     590       2279.0      5.4471e-01
     591       2280.0      5.4404e-01
     592       2281.0      5.4337e-01
     593       2282.0      5.4270e-01
     594       2283.0      5.4202e-01
     595       2284.0      5.4135e-01
     596       2285.0      5.4068e-01
     597       2286.0      5.4001e-01
     598       2287.0      5.3934e-01
     599       2288.0      5.3866e-01
     600       2289.0      5.3799e-01
     601       2290.0      5.3732e-01
     602       2291.0      5.3665e-01
     603       2292.0      5.3598e-01
     604       2293.0      5.3530e-01
     605       2294.0      5.3463e-01
     606       2295.0      5.3396e-01
     607       2296.0      5.3329e-01
     608       2297.0      5.3262e-01
     609       2298.0      5.3194e-01
     610       2299.0      5.3127e-01
     611       2300.0      5.3060e-01
     612       2301.0      5.2952e-01
     613       2302.0      5.2844e-01
     614       2303.0      5.2735e-01
     615       2304.0      5.2627e-01
     616       2305.0      5.2519e-01
     617       2306.0      5.2411e-01
     618       2307.0      5.2303e-01
     619       2308.0      5.2194e-01
     620       2309.0      5.2086e-01
     621       2310.0      5.1978e-01
     622       2311.0      5.1870e-01
     623       2312.0      5.1762e-01
     624       2313.0      5.1653e-01
     625       2314.0      5.1545e-01
     626       2315.0      5.1437e-01
     627       2316.0      5.1329e-01
     628       2317.0      5.1221e-01
     629       2318.0      5.1112e-01
     630       2319.0      5.1004e-01
     631       2320.0      5.0896e-01
     632       2321.0      5.0788e-01
     633       2322.0      5.0680e-01
     634       2323.0      5.0571e-01
     635       2324.0      5.0463e-01
     636       2325.0      5.0355e-01
     637       2326.0      5.0247e-01
     638       2327.0      5.0139e-01
     639       2328.0      5.0030e-01
     640       2329.0      4.9922e-01
     641       2330.0      4.9814e-01
     642       2331.0      4.9706e-01
     643       2332.0      4.9598e-01
     644       2333.0      4.9489e-01
     645       2334.0      4.9381e-01
     646       2335.0      4.9273e-01
     647       2336.0      4.9165e-01
     648       2337.0      4.9057e-01
     649       2338.0      4.8948e-01
     650       2339.0      4.8840e-01
     651       2340.0      4.8732e-01
     652       2341.0      4.8624e-01
     653       2342.0      4.8516e-01
     654       2343.0      4.8407e-01
     655       2344.0      4.8299e-01
     656       2345.0      4.8191e-01
     657       2346.0      4.8083e-01
     658       2347.0      4.7975e-01
     659       2348.0      4.7866e-01
     660       2349.0      4.7758e-01
     661       2350.0      4.7650e-01
     662       2351.0      4.7712e-01
     663       2352.0      4.7773e-01
     664       2353.0      4.7835e-01
     665       2354.0      4.7896e-01
     666       2355.0      4.7958e-01
     667       2356.0      4.8020e-01
     668       2357.0      4.8081e-01
     669       2358.0      4.8143e-01
     670       2359.0      4.8204e-01
     671       2360.0      4.8266e-01
     672       2361.0      4.8328e-01
     673       2362.0      4.8389e-01
     674       2363.0      4.8451e-01
     675       2364.0      4.8512e-01
     676       2365.0      4.8574e-01
     677       2366.0      4.8636e-01
     678       2367.0      4.8697e-01
     679       2368.0      4.8759e-01
     680       2369.0      4.8820e-01
     681       2370.0      4.8882e-01
     682       2371.0      4.8944e-01
     683       2372.0      4.9005e-01
     684       2373.0      4.9067e-01
     685       2374.0      4.9128e-01
     686       2375.0      4.9190e-01
     687       2376.0      4.9252e-01
     688       2377.0      4.9313e-01
     689       2378.0      4.9375e-01
     690       2379.0      4.9436e-01
     691       2380.0      4.9498e-01
     692       2381.0      4.9560e-01
     693       2382.0      4.9621e-01
     694       2383.0      4.9683e-01
     695       2384.0      4.9744e-01
     696       2385.0      4.9806e-01
     697       2386.0      4.9868e-01
     698       2387.0      4.9929e-01
     699       2388.0      4.9991e-01
     700       2389.0      5.0052e-01
     701       2390.0      5.0114e-01
     702       2391.0      5.0176e-01
     703       2392.0      5.0237e-01
     704       2393.0      5.0299e-01
     705       2394.0      5.0360e-01
     706       2395.0      5.0422e-01
     707       2396.0      5.0484e-01
     708       2397.0      5.0545e-01
     709       2398.0      5.0607e-01
     710       2399.0      5.0668e-01
     711       2400.0      5.0730e-01
     712       2401.0      5.0785e-01
     713       2402.0      5.0840e-01
     714       2403.0      5.0894e-01
     715       2404.0      5.0949e-01
     716       2405.0      5.1004e-01
     717       2406.0      5.1059e-01
     718       2407.0      5.1114e-01
     719       2408.0      5.1168e-01
     720       2409.0      5.1223e-01
     721       2410.0      5.1278e-01
     722       2411.0      5.1333e-01
     723       2412.0      5.1388e-01
     724       2413.0      5.1442e-01
     725       2414.0      5.1497e-01
     726       2415.0      5.1552e-01
     727       2416.0      5.1607e-01
     728       2417.0      5.1662e-01
     729       2418.0      5.1716e-01
     730       2419.0      5.1771e-01
     731       2420.0      5.1826e-01
     732       2421.0      5.1881e-01
     733       2422.0      5.1936e-01
     734       2423.0      5.1990e-01
     735       2424.0      5.2045e-01
     736       2425.0      5.2100e-01
     737       2426.0      5.2155e-01
     738       2427.0      5.2210e-01
     739       2428.0      5.2264e-01
     740       2429.0      5.2319e-01
     741       2430.0      5.2374e-01
     742       2431.0      5.2429e-01
     743       2432.0      5.2484e-01
     744       2433.0      5.2538e-01
     745       2434.0      5.2593e-01
     746       2435.0      5.2648e-01
     747       2436.0      5.2703e-01
     748       2437.0      5.2758e-01
     749       2438.0      5.2812e-01
     750       2439.0      5.2867e-01
     751       2440.0      5.2922e-01
     752       2441.0      5.2977e-01
     753       2442.0      5.3032e-01
     754       2443.0      5.3086e-01
     755       2444.0      5.3141e-01
     756       2445.0      5.3196e-01
     757       2446.0      5.3251e-01
     758       2447.0      5.3306e-01
     759       2448.0      5.3360e-01
     760       2449.0      5.3415e-01
     761       2450.0      5.3470e-01
     762       2451.0      5.3451e-01
     763       2452.0      5.3432e-01
     764       2453.0      5.3412e-01
     765       2454.0      5.3393e-01
     766       2455.0      5.3374e-01
     767       2456.0      5.3355e-01
     768       2457.0      5.3336e-01
     769       2458.0      5.3316e-01
     770       2459.0      5.3297e-01
     771       2460.0      5.3278e-01
     772       2461.0      5.3259e-01
     773       2462.0      5.3240e-01
     774       2463.0      5.3220e-01
     775       2464.0      5.3201e-01
     776       2465.0      5.3182e-01
     777       2466.0      5.3163e-01
     778       2467.0      5.3144e-01
     779       2468.0      5.3124e-01
     780       2469.0      5.3105e-01
     781       2470.0      5.3086e-01
     782       2471.0      5.3067e-01
     783       2472.0      5.3048e-01
     784       2473.0      5.3028e-01
     785       2474.0      5.3009e-01
     786       2475.0      5.2990e-01
     787       2476.0      5.2971e-01
     788       2477.0      5.2952e-01
     789       2478.0      5.2932e-01
     790       2479.0      5.2913e-01
     791       2480.0      5.2894e-01
     792       2481.0      5.2875e-01
     793       2482.0      5.2856e-01
     794       2483.0      5.2836e-01
     795       2484.0      5.2817e-01
     796       2485.0      5.2798e-01
     797       2486.0      5.2779e-01
     798       2487.0      5.2760e-01
     799       2488.0      5.2740e-01
     800       2489.0      5.2721e-01
     801       2490.0      5.2702e-01
     802       2491.0      5.2683e-01
     803       2492.0      5.2664e-01
     804       2493.0      5.2644e-01
     805       2494.0      5.2625e-01
     806       2495.0      5.2606e-01
     807       2496.0      5.2587e-01
     808       2497.0      5.2568e-01
     809       2498.0      5.2548e-01
     810       2499.0      5.2529e-01
     811       2500.0      5.2510e-01
     812       2501.0      5.2492e-01
     813       2502.0      5.2475e-01
     814       2503.0      5.2457e-01
     815       2504.0      5.2440e-01
     816       2505.0      5.2422e-01
     817       2506.0      5.2404e-01
     818       2507.0      5.2387e-01
     819       2508.0      5.2369e-01
     820       2509.0      5.2352e-01
     821       2510.0      5.2334e-01
     822       2511.0      5.2316e-01
     823       2512.0      5.2299e-01
     824       2513.0      5.2281e-01
     825       2514.0      5.2264e-01
     826       2515.0      5.2246e-01
     827       2516.0      5.2228e-01
     828       2517.0      5.2211e-01
     829       2518.0      5.2193e-01
     830       2519.0      5.2176e-01
     831       2520.0      5.2158e-01
     832       2521.0      5.2140e-01
     833       2522.0      5.2123e-01
     834       2523.0      5.2105e-01
     835       2524.0      5.2088e-01
     836       2525.0      5.2070e-01
     837       2526.0      5.2052e-01
     838       2527.0      5.2035e-01
     839       2528.0      5.2017e-01
     840       2529.0      5.2000e-01
     841       2530.0      5.1982e-01
     842       2531.0      5.1964e-01
     843       2532.0      5.1947e-01
     844       2533.0      5.1929e-01
     845       2534.0      5.1912e-01
     846       2535.0      5.1894e-01
     847       2536.0      5.1876e-01
     848       2537.0      5.1859e-01
     849       2538.0      5.1841e-01
     850       2539.0      5.1824e-01
     851       2540.0      5.1806e-01
     852       2541.0      5.1788e-01
     853       2542.0      5.1771e-01
     854       2543.0      5.1753e-01
     855       2544.0      5.1736e-01
     856       2545.0      5.1718e-01
     857       2546.0      5.1700e-01
     858       2547.0      5.1683e-01
     859       2548.0      5.1665e-01
     860       2549.0      5.1648e-01
     861       2550.0      5.1630e-01
     862       2551.0      5.1599e-01
     863       2552.0      5.1568e-01
     864       2553.0      5.1536e-01
     865       2554.0      5.1505e-01
     866       2555.0      5.1474e-01
     867       2556.0      5.1443e-01
     868       2557.0      5.1412e-01
     869       2558.0      5.1380e-01
     870       2559.0      5.1349e-01
     871       2560.0      5.1318e-01
     872       2561.0      5.1287e-01
     873       2562.0      5.1256e-01
     874       2563.0      5.1224e-01
     875       2564.0      5.1193e-01
     876       2565.0      5.1162e-01
     877       2566.0      5.1131e-01
     878       2567.0      5.1100e-01
     879       2568.0      5.1068e-01
     880       2569.0      5.1037e-01
     881       2570.0      5.1006e-01
     882       2571.0      5.0975e-01
     883       2572.0      5.0944e-01
     884       2573.0      5.0912e-01
     885       2574.0      5.0881e-01
     886       2575.0      5.0850e-01
     887       2576.0      5.0819e-01
     888       2577.0      5.0788e-01
     889       2578.0      5.0756e-01
     890       2579.0      5.0725e-01
     891       2580.0      5.0694e-01
     892       2581.0      5.0663e-01
     893       2582.0      5.0632e-01
     894       2583.0      5.0600e-01
     895       2584.0      5.0569e-01
     896       2585.0      5.0538e-01
     897       2586.0      5.0507e-01
     898       2587.0      5.0476e-01
     899       2588.0      5.0444e-01
     900       2589.0      5.0413e-01
     901       2590.0      5.0382e-01
     902       2591.0      5.0351e-01
     903       2592.0      5.0320e-01
     904       2593.0      5.0288e-01
     905       2594.0      5.0257e-01
     906       2595.0      5.0226e-01
     907       2596.0      5.0195e-01
     908       2597.0      5.0164e-01
     909       2598.0      5.0132e-01
     910       2599.0      5.0101e-01
     911       2600.0      5.0070e-01
     912       2601.0      4.9982e-01
     913       2602.0      4.9895e-01
     914       2603.0      4.9807e-01
     915       2604.0      4.9720e-01
     916       2605.0      4.9632e-01
     917       2606.0      4.9544e-01
     918       2607.0      4.9457e-01
     919       2608.0      4.9369e-01
     920       2609.0      4.9282e-01
     921       2610.0      4.9194e-01
     922       2611.0      4.9106e-01
     923       2612.0      4.9019e-01
     924       2613.0      4.8931e-01
     925       2614.0      4.8844e-01
     926       2615.0      4.8756e-01
     927       2616.0      4.8668e-01
     928       2617.0      4.8581e-01
     929       2618.0      4.8493e-01
     930       2619.0      4.8406e-01
     931       2620.0      4.8318e-01
     932       2621.0      4.8230e-01
     933       2622.0      4.8143e-01
     934       2623.0      4.8055e-01
     935       2624.0      4.7968e-01
     936       2625.0      4.7880e-01
     937       2626.0      4.7792e-01
     938       2627.0      4.7705e-01
     939       2628.0      4.7617e-01
     940       2629.0      4.7530e-01
     941       2630.0      4.7442e-01
     942       2631.0      4.7354e-01
     943       2632.0      4.7267e-01
     944       2633.0      4.7179e-01
     945       2634.0      4.7092e-01
     946       2635.0      4.7004e-01
     947       2636.0      4.6916e-01
     948       2637.0      4.6829e-01
     949       2638.0      4.6741e-01
     950       2639.0      4.6654e-01
     951       2640.0      4.6566e-01
     952       2641.0      4.6478e-01
     953       2642.0      4.6391e-01
     954       2643.0      4.6303e-01
     955       2644.0      4.6216e-01
     956       2645.0      4.6128e-01
     957       2646.0      4.6040e-01
     958       2647.0      4.5953e-01
     959       2648.0      4.5865e-01
     960       2649.0      4.5778e-01
     961       2650.0      4.5690e-01
     962       2651.0      4.5528e-01
     963       2652.0      4.5366e-01
     964       2653.0      4.5204e-01
     965       2654.0      4.5042e-01
     966       2655.0      4.4880e-01
     967       2656.0      4.4718e-01
     968       2657.0      4.4556e-01
     969       2658.0      4.4394e-01
     970       2659.0      4.4232e-01
     971       2660.0      4.4070e-01
     972       2661.0      4.3908e-01
     973       2662.0      4.3746e-01
     974       2663.0      4.3584e-01
     975       2664.0      4.3422e-01
     976       2665.0      4.3260e-01
     977       2666.0      4.3098e-01
     978       2667.0      4.2936e-01
     979       2668.0      4.2774e-01
     980       2669.0      4.2612e-01
     981       2670.0      4.2450e-01
     982       2671.0      4.2288e-01
     983       2672.0      4.2126e-01
     984       2673.0      4.1964e-01
     985       2674.0      4.1802e-01
     986       2675.0      4.1640e-01
     987       2676.0      4.1478e-01
     988       2677.0      4.1316e-01
     989       2678.0      4.1154e-01
     990       2679.0      4.0992e-01
     991       2680.0      4.0830e-01
     992       2681.0      4.0668e-01
     993       2682.0      4.0506e-01
     994       2683.0      4.0344e-01
     995       2684.0      4.0182e-01
     996       2685.0      4.0020e-01
     997       2686.0      3.9858e-01
     998       2687.0      3.9696e-01
     999       2688.0      3.9534e-01
    1000       2689.0      3.9372e-01
    1001       2690.0      3.9210e-01
    1002       2691.0      3.9048e-01
    1003       2692.0      3.8886e-01
    1004       2693.0      3.8724e-01
    1005       2694.0      3.8562e-01
    1006       2695.0      3.8400e-01
    1007       2696.0      3.8238e-01
    1008       2697.0      3.8076e-01
    1009       2698.0      3.7914e-01
    1010       2699.0      3.7752e-01
    1011       2700.0      3.7590e-01
    1012       2701.0      3.7336e-01
    1013       2702.0      3.7082e-01
    1014       2703.0      3.6829e-01
    1015       2704.0      3.6575e-01
    1016       2705.0      3.6321e-01
    1017       2706.0      3.6067e-01
    1018       2707.0      3.5813e-01
    1019       2708.0      3.5560e-01
    1020       2709.0      3.5306e-01
    1021       2710.0      3.5052e-01
    1022       2711.0      3.4798e-01
    1023       2712.0      3.4544e-01
    1024       2713.0      3.4291e-01
    1025       2714.0      3.4037e-01
    1026       2715.0      3.3783e-01
    1027       2716.0      3.3529e-01
    1028       2717.0      3.3275e-01
    1029       2718.0      3.3022e-01
    1030       2719.0      3.2768e-01
    1031       2720.0      3.2514e-01
    1032       2721.0      3.2260e-01
    1033       2722.0      3.2006e-01
    1034       2723.0      3.1753e-01
    1035       2724.0      3.1499e-01
    1036       2725.0      3.1245e-01
    1037       2726.0      3.0991e-01
    1038       2727.0      3.0737e-01
    1039       2728.0      3.0484e-01
    1040       2729.0      3.0230e-01
    1041       2730.0      2.9976e-01
    1042       2731.0      2.9722e-01
    1043       2732.0      2.9468e-01
    1044       2733.0      2.9215e-01
    1045       2734.0      2.8961e-01
    1046       2735.0      2.8707e-01
    1047       2736.0      2.8453e-01
    1048       2737.0      2.8199e-01
    1049       2738.0      2.7946e-01
    1050       2739.0      2.7692e-01
    1051       2740.0      2.7438e-01
    1052       2741.0      2.7184e-01
    1053       2742.0      2.6930e-01
    1054       2743.0      2.6677e-01
    1055       2744.0      2.6423e-01
    1056       2745.0      2.6169e-01
    1057       2746.0      2.5915e-01
    1058       2747.0      2.5661e-01
    1059       2748.0      2.5408e-01
    1060       2749.0      2.5154e-01
    1061       2750.0      2.4900e-01
    1062       2751.0      2.4619e-01
    1063       2752.0      2.4337e-01
    1064       2753.0      2.4056e-01
    1065       2754.0      2.3774e-01
    1066       2755.0      2.3493e-01
    1067       2756.0      2.3212e-01
    1068       2757.0      2.2930e-01
    1069       2758.0      2.2649e-01
    1070       2759.0      2.2367e-01
    1071       2760.0      2.2086e-01
    1072       2761.0      2.1805e-01
    1073       2762.0      2.1523e-01
    1074       2763.0      2.1242e-01
    1075       2764.0      2.0960e-01
    1076       2765.0      2.0679e-01
    1077       2766.0      2.0398e-01
    1078       2767.0      2.0116e-01
    1079       2768.0      1.9835e-01
    1080       2769.0      1.9553e-01
    1081       2770.0      1.9272e-01
    1082       2771.0      1.8991e-01
    1083       2772.0      1.8709e-01
    1084       2773.0      1.8428e-01
    1085       2774.0      1.8146e-01
    1086       2775.0      1.7865e-01
    1087       2776.0      1.7584e-01
    1088       2777.0      1.7302e-01
    1089       2778.0      1.7021e-01
    1090       2779.0      1.6739e-01
    1091       2780.0      1.6458e-01
    1092       2781.0      1.6177e-01
    1093       2782.0      1.5895e-01
    1094       2783.0      1.5614e-01
    1095       2784.0      1.5332e-01
    1096       2785.0      1.5051e-01
    1097       2786.0      1.4770e-01
    1098       2787.0      1.4488e-01
    1099       2788.0      1.4207e-01
    1100       2789.0      1.3925e-01
    1101       2790.0      1.3644e-01
    1102       2791.0      1.3363e-01
    1103       2792.0      1.3081e-01
    1104       2793.0      1.2800e-01
    1105       2794.0      1.2518e-01
    1106       2795.0      1.2237e-01
    1107       2796.0      1.1956e-01
    1108       2797.0      1.1674e-01
    1109       2798.0      1.1393e-01
    1110       2799.0      1.1111e-01
    1111       2800.0      1.0830e-01
    1112       2801.0      1.0682e-01
    1113       2802.0      1.0535e-01
    1114       2803.0      1.0387e-01
    1115       2804.0      1.0240e-01
    1116       2805.0      1.0092e-01
    1117       2806.0      9.9444e-02
    1118       2807.0      9.7968e-02
    1119       2808.0      9.6492e-02
    1120       2809.0      9.5016e-02
    1121       2810.0      9.3540e-02
    1122       2811.0      9.2064e-02
    1123       2812.0      9.0588e-02
    1124       2813.0      8.9112e-02
    1125       2814.0      8.7636e-02
    1126       2815.0      8.6160e-02
    1127       2816.0      8.4684e-02
    1128       2817.0      8.3208e-02
    1129       2818.0      8.1732e-02
    1130       2819.0      8.0256e-02
    1131       2820.0      7.8780e-02
    1132       2821.0      7.7304e-02
    1133       2822.0      7.5828e-02
    1134       2823.0      7.4352e-02
    1135       2824.0      7.2876e-02
    1136       2825.0      7.1400e-02
    1137       2826.0      6.9924e-02
    1138       2827.0      6.8448e-02
    1139       2828.0      6.6972e-02
    1140       2829.0      6.5496e-02
    1141       2830.0      6.4020e-02
    1142       2831.0      6.2544e-02
    1143       2832.0      6.1068e-02
    1144       2833.0      5.9592e-02
    1145       2834.0      5.8116e-02
    1146       2835.0      5.6640e-02
    1147       2836.0      5.5164e-02
    1148       2837.0      5.3688e-02
    1149       2838.0      5.2212e-02
    1150       2839.0      5.0736e-02
    1151       2840.0      4.9260e-02
    1152       2841.0      4.7784e-02
    1153       2842.0      4.6308e-02
    1154       2843.0      4.4832e-02
    1155       2844.0      4.3356e-02
    1156       2845.0      4.1880e-02
    1157       2846.0      4.0404e-02
    1158       2847.0      3.8928e-02
    1159       2848.0      3.7452e-02
    1160       2849.0      3.5976e-02
    1161       2850.0      3.4500e-02
    1162       2851.0      3.4060e-02
    1163       2852.0      3.3620e-02
    1164       2853.0      3.3180e-02
    1165       2854.0      3.2740e-02
    1166       2855.0      3.2300e-02
    1167       2856.0      3.1860e-02
    1168       2857.0      3.1420e-02
    1169       2858.0      3.0980e-02
    1170       2859.0      3.0540e-02
    1171       2860.0      3.0100e-02
    1172       2861.0      2.9660e-02
    1173       2862.0      2.9220e-02
    1174       2863.0      2.8780e-02
    1175       2864.0      2.8340e-02
    1176       2865.0      2.7900e-02
    1177       2866.0      2.7460e-02
    1178       2867.0      2.7020e-02
    1179       2868.0      2.6580e-02
    1180       2869.0      2.6140e-02
    1181       2870.0      2.5700e-02
    1182       2871.0      2.5260e-02
    1183       2872.0      2.4820e-02
    1184       2873.0      2.4380e-02
    1185       2874.0      2.3940e-02
    1186       2875.0      2.3500e-02
    1187       2876.0      2.3060e-02
    1188       2877.0      2.2620e-02
    1189       2878.0      2.2180e-02
    1190       2879.0      2.1740e-02
    1191       2880.0      2.1300e-02
    1192       2881.0      2.0860e-02
    1193       2882.0      2.0420e-02
    1194       2883.0      1.9980e-02
    1195       2884.0      1.9540e-02
    1196       2885.0      1.9100e-02
    1197       2886.0      1.8660e-02
    1198       2887.0      1.8220e-02
    1199       2888.0      1.7780e-02
    1200       2889.0      1.7340e-02
    1201       2890.0      1.6900e-02
    1202       2891.0      1.6460e-02
    1203       2892.0      1.6020e-02
    1204       2893.0      1.5580e-02
    1205       2894.0      1.5140e-02
    1206       2895.0      1.4700e-02
    1207       2896.0      1.4260e-02
    1208       2897.0      1.3820e-02
    1209       2898.0      1.3380e-02
    1210       2899.0      1.2940e-02
    1211       2900.0      1.2500e-02
    1212       2901.0      1.2522e-02
    1213       2902.0      1.2544e-02
    1214       2903.0      1.2566e-02
    1215       2904.0      1.2588e-02
    1216       2905.0      1.2610e-02
    1217       2906.0      1.2632e-02
    1218       2907.0      1.2654e-02
    1219       2908.0      1.2676e-02
    1220       2909.0      1.2698e-02
    1221       2910.0      1.2720e-02
    1222       2911.0      1.2742e-02
    1223       2912.0      1.2764e-02
    1224       2913.0      1.2786e-02
    1225       2914.0      1.2808e-02
    1226       2915.0      1.2830e-02
    1227       2916.0      1.2852e-02
    1228       2917.0      1.2874e-02
    1229       2918.0      1.2896e-02
    1230       2919.0      1.2918e-02
    1231       2920.0      1.2940e-02
    1232       2921.0      1.2962e-02
    1233       2922.0      1.2984e-02
    1234       2923.0      1.3006e-02
    1235       2924.0      1.3028e-02
    1236       2925.0      1.3050e-02
    1237       2926.0      1.3072e-02
    1238       2927.0      1.3094e-02
    1239       2928.0      1.3116e-02
    1240       2929.0      1.3138e-02
    1241       2930.0      1.3160e-02
    1242       2931.0      1.3182e-02
    1243       2932.0      1.3204e-02
    1244       2933.0      1.3226e-02
    1245       2934.0      1.3248e-02
    1246       2935.0      1.3270e-02
    1247       2936.0      1.3292e-02
    1248       2937.0      1.3314e-02
    1249       2938.0      1.3336e-02
    1250       2939.0      1.3358e-02
    1251       2940.0      1.3380e-02
    1252       2941.0      1.3402e-02
    1253       2942.0      1.3424e-02
    1254       2943.0      1.3446e-02
    1255       2944.0      1.3468e-02
    1256       2945.0      1.3490e-02
    1257       2946.0      1.3512e-02
    1258       2947.0      1.3534e-02
    1259       2948.0      1.3556e-02
    1260       2949.0      1.3578e-02
    1261       2950.0      1.3600e-02
    1262       2951.0      1.3698e-02
    1263       2952.0      1.3796e-02
    1264       2953.0      1.3894e-02
    1265       2954.0      1.3992e-02
    1266       2955.0      1.4090e-02
    1267       2956.0      1.4188e-02
    1268       2957.0      1.4286e-02
    1269       2958.0      1.4384e-02
    1270       2959.0      1.4482e-02
    1271       2960.0      1.4580e-02
    1272       2961.0      1.4678e-02
    1273       2962.0      1.4776e-02
    1274       2963.0      1.4874e-02
    1275       2964.0      1.4972e-02
    1276       2965.0      1.5070e-02
    1277       2966.0      1.5168e-02
    1278       2967.0      1.5266e-02
    1279       2968.0      1.5364e-02
    1280       2969.0      1.5462e-02
    1281       2970.0      1.5560e-02
    1282       2971.0      1.5658e-02
    1283       2972.0      1.5756e-02
    1284       2973.0      1.5854e-02
    1285       2974.0      1.5952e-02
    1286       2975.0      1.6050e-02
    1287       2976.0      1.6148e-02
    1288       2977.0      1.6246e-02
    1289       2978.0      1.6344e-02
    1290       2979.0      1.6442e-02
    1291       2980.0      1.6540e-02
    1292       2981.0      1.6638e-02
    1293       2982.0      1.6736e-02
    1294       2983.0      1.6834e-02
    1295       2984.0      1.6932e-02
    1296       2985.0      1.7030e-02
    1297       2986.0      1.7128e-02
    1298       2987.0      1.7226e-02
    1299       2988.0      1.7324e-02
    1300       2989.0      1.7422e-02
    1301       2990.0      1.7520e-02
    1302       2991.0      1.7618e-02
    1303       2992.0      1.7716e-02
    1304       2993.0      1.7814e-02
    1305       2994.0      1.7912e-02
    1306       2995.0      1.8010e-02
    1307       2996.0      1.8108e-02
    1308       2997.0      1.8206e-02
    1309       2998.0      1.8304e-02
    1310       2999.0      1.8402e-02
    1311       3000.0      1.8500e-02
    1312       3001.0      1.6650e-02
    1313       3002.0      1.4800e-02
    1314       3003.0      1.2950e-02
    1315       3004.0      1.1100e-02
    1316       3005.0      9.2500e-03
    1317       3006.0      7.4000e-03
    1318       3007.0      5.5500e-03
    1319       3008.0      3.7000e-03
    1320       3009.0      1.8500e-03