1	3000	8.9314e-06
2	3010	9.9687e-06
3	3020	7.301e-06
4	3030	8.3431e-06
5	3040	1.17723e-05
6	3050	7.8745e-06
7	3060	6.7501e-06
8	3070	9.1417e-06
9	3080	7.2511e-06
10	3090	7.078e-06
11	3100	7.347e-06
12	3110	1.01573e-05
13	3120	9.6818e-06
14	3130	8.37e-06
15	3140	7.5936e-06
16	3150	8.1611e-06
17	3160	7.5423e-06
18	3170	6.9801e-06
19	3180	9.3826e-06
20	3190	8.9253e-06
21	3200	1.008e-05
22	3210	7.6177e-06
23	3220	6.0978e-06
24	3230	7.3559e-06
25	3240	8.9449e-06
26	3250	7.1708e-06
27	3260	7.5762e-06
28	3270	6.9141e-06
29	3280	7.084e-06
30	3290	8.5711e-06
31	3300	6.3161e-06
32	3310	6.6862e-06
33	3320	6.2283e-06
34	3330	7.002e-06
35	3340	1.10905e-05
36	3350	7.8635e-06
37	3360	5.5458e-06
38	3370	5.9578e-06
39	3380	7.2521e-06
40	3390	5.7677e-06
41	3400	6.2354e-06
42	3410	5.1747e-06
43	3420	2.9672e-06
44	3430	8.7686e-06
45	3440	4.1268e-06
46	3450	5.5913e-06
47	3460	4.6211e-06
48	3470	3.5948e-06
49	3480	5.6823e-06
50	3490	-1.5724e-06
51	3500	2.9607e-06
52	3510	4.0308e-06
53	3520	7.5371e-06
54	3530	3.4031e-06
55	3540	5.5704e-06
56	3550	7.5508e-06
57	3560	4.5056e-06
58	3570	8.0375e-06
59	3580	7.1586e-06
60	3590	4.5725e-06
61	3600	6.3042e-06
62	3610	5.853e-06
63	3620	3.3311e-06
64	3630	5.0812e-06
65	3640	3.9824e-06
66	3650	4.8195e-06
67	3660	6.6456e-06
68	3670	6.0289e-06
69	3680	4.0762e-06
70	3690	6.9099e-06
71	3700	5.3561e-06
72	3710	3.5057e-06
73	3720	5.3144e-06
74	3730	5.0147e-06
75	3740	5.6444e-06
76	3750	2.634e-06
77	3760	5.8417e-06
78	3770	5.4044e-06
79	3780	5.1333e-06
80	3790	3.4873e-06
81	3800	5.7007e-06
82	3810	6.2952e-06
83	3820	3.9949e-06
84	3830	5.5288e-06
85	3840	5.8724e-06
86	3850	7.7358e-06
87	3860	6.5185e-06
88	3870	6.961e-06
89	3880	4.2098e-06
90	3890	7.0514e-06
91	3900	1.12627e-05
92	3910	1.51931e-05
93	3920	1.61703e-05
94	3930	1.43131e-05
95	3940	1.3348e-05
96	3950	9.3091e-06
97	3960	1.47937e-05
98	3970	2.75489e-05
99	3980	4.40033e-05
100	3990	6.36034e-05
101	4000	5.83158e-05
102	4010	3.19936e-05
103	4020	1.1283e-05
104	4030	1.0144e-05
105	4040	7.7651e-06
106	4050	7.3378e-06
107	4060	8.1795e-06
108	4070	1.21963e-05
109	4080	1.41666e-05
110	4090	1.23111e-05
111	4100	7.4529e-06
112	4110	4.6847e-06
113	4120	4.7498e-06
114	4130	4.9269e-06
115	4140	7.2451e-06
116	4150	1.22836e-05
117	4160	2.33487e-05
118	4170	2.24386e-05
119	4180	1.57207e-05
120	4190	1.12348e-05
121	4200	1.16139e-05
122	4210	1.30961e-05
123	4220	2.38702e-05
124	4230	3.85404e-05
125	4240	4.04442e-05
126	4250	2.33449e-05
127	4260	9.8521e-06
128	4270	1.8908e-06
129	4280	3.1752e-06
130	4290	4.8498e-06
131	4300	1.44665e-05
132	4310	2.092e-05
133	4320	1.33381e-05
134	4330	6.242e-06
135	4340	5.2033e-06
136	4350	1.384e-06
137	4360	5.1307e-06
138	4370	1.15804e-05
139	4380	1.81881e-05
140	4390	1.25636e-05
141	4400	3.843e-06
142	4410	1.11447e-05
143	4420	2.1143e-05
144	4430	2.3879e-05
145	4440	1.37969e-05
146	4450	4.4421e-06
147	4460	1.6107e-06
148	4470	2.5318e-06
149	4480	2.0616e-06
150	4490	2.05e-06
151	4500	1.8388e-06
152	4510	5.255e-06
153	4520	4.1271e-06
154	4530	3.8878e-06
155	4540	2.7425e-06
156	4550	5.5216e-06
157	4560	4.4892e-06
158	4570	4.2351e-06
159	4580	9.37e-07
160	4590	3.0407e-06
161	4600	3.4843e-06
162	4610	5.146e-06
163	4620	4.3077e-06
164	4630	3.8925e-06
165	4640	1.9831e-06
166	4650	4.1294e-06
167	4660	4.3993e-06
168	4670	3.387e-06
169	4680	4.2233e-06
170	4690	3.357e-06
171	4700	2.3294e-06
172	4710	6.04e-07
173	4720	2.1765e-06
174	4730	2.3168e-06
175	4740	2.8254e-06
176	4750	2.8265e-06
177	4760	2.7897e-06
178	4770	2.0602e-06
179	4780	3.4237e-06
180	4790	-4.23e-07
181	4800	1.8272e-06
182	4810	2.491e-06
183	4820	1.6023e-06
184	4830	5.2737e-06
185	4840	3.0183e-06
186	4850	4.8529e-06
187	4860	3.3113e-06
188	4870	2.8248e-06
189	4880	2.5164e-06
190	4890	3.0271e-06
191	4900	1.0235e-06
192	4910	1.3113e-06
193	4920	6.1e-07
194	4930	4.55e-07
195	4940	4.14e-07
196	4950	1.2798e-06
197	4960	2.0177e-06
198	4970	1.2919e-06
199	4980	2.25e-07
200	4990	9.42e-07
201	5000	1.0369e-06
202	5010	4.36e-07
203	5020	1.1926e-06
204	5030	2.5994e-06
205	5040	3.2886e-06
206	5050	2.9605e-06
207	5060	1.9276e-06
208	5070	3.155e-06
209	5080	3.0776e-06
210	5090	2.1006e-06
211	5100	1.7446e-06
212	5110	3.1103e-06
213	5120	1.7816e-06
214	5130	1.29e-07
215	5140	1.2467e-06
216	5150	-5.08e-07
217	5160	1.0614e-06
218	5170	1.663e-06
219	5180	1.8389e-06
220	5190	3.8581e-06
221	5200	6.16e-07
222	5210	8.98e-07
223	5220	2.9084e-06
224	5230	1.2507e-06
225	5240	2.1059e-06
226	5250	3.804e-06
227	5260	3.525e-06
228	5270	3.5024e-06
229	5280	3.9788e-06
230	5290	3.0166e-06
231	5300	3.9911e-06
232	5310	5.3481e-06
233	5320	2.9628e-06
234	5330	2.9297e-06
235	5340	3.4693e-06
236	5350	2.7167e-06
237	5360	3.5735e-06
238	5370	3.8995e-06
239	5380	3.84e-06
240	5390	3.1224e-06
241	5400	3.8342e-06
242	5410	3.889e-06
243	5420	4.8896e-06
244	5430	5.3069e-06
245	5440	4.429e-06
246	5450	4.8144e-06
247	5460	5.5689e-06
248	5470	5.5918e-06
249	5480	6.5536e-06
250	5490	8.6449e-06
251	5500	1.20109e-05
252	5510	1.65092e-05
253	5520	2.3281e-05
254	5530	3.4053e-05
255	5540	5.46306e-05
256	5550	9.25134e-05
257	5560	0.0001617856
258	5570	0.0002935513
259	5580	0.0005542036
260	5590	0.0010773507
261	5600	0.0021847904
262	5610	0.0046435577
263	5620	0.0104065681
264	5630	0.0502462586
265	5640	0.0964487552
266	5650	0.1777633828
267	5660	0.2944712759
268	5670	0.4328254828
269	5680	0.5724347586
270	5690	0.6962389655
271	5700	0.7896102414
272	5710	0.8451206552
273	5720	0.8698995862
274	5730	0.8785992069
275	5740	0.8831802759
276	5750	0.8862942069
277	5760	0.8886687241
278	5770	0.8905505172
279	5780	0.8921154483
280	5790	0.8935936897
281	5800	0.8951229655
282	5810	0.8968926897
283	5820	0.8988398966
284	5830	0.9006247241
285	5840	0.9017368621
286	5850	0.9017257586
287	5860	0.9005232069
288	5870	0.8985622414
289	5880	0.8964596552
290	5890	0.8948221034
291	5900	0.8943586897
292	5910	0.8950094483
293	5920	0.8964693793
294	5930	0.8981586207
295	5940	0.8994307586
296	5950	0.8998977241
297	5960	0.8998456897
298	5970	0.8995856207
299	5980	0.8995397931
300	5990	0.9000658966
301	6000	0.90117
302	6010	0.9024140345
303	6020	0.9034736897
304	6030	0.9041887241
305	6040	0.9044844483
306	6050	0.9042134828
307	6060	0.9035553448
308	6070	0.9025151379
309	6080	0.9014195862
310	6090	0.9007835862
311	6100	0.9009394483
312	6110	0.9019052069
313	6120	0.9034961379
314	6130	0.9052041034
315	6140	0.9065736897
316	6150	0.907607
317	6160	0.908093931
318	6170	0.9083064138
319	6180	0.9082023793
320	6190	0.9077286552
321	6200	0.9072429655
322	6210	0.9068452414
323	6220	0.9066027586
324	6230	0.9065473793
325	6240	0.9066573448
326	6250	0.9068538966
327	6260	0.9071123103
328	6270	0.907368
329	6280	0.9076831724
330	6290	0.9080968966
331	6300	0.9084752414
332	6310	0.9085881034
333	6320	0.9083367241
334	6330	0.9079439655
335	6340	0.9077531724
336	6350	0.9079726207
337	6360	0.9085084138
338	6370	0.9092922414
339	6380	0.9100538276
340	6390	0.9105300345
341	6400	0.9106507931
342	6410	0.9104354828
343	6420	0.909851931
344	6430	0.908966931
345	6440	0.9079056897
346	6450	0.906795931
347	6460	0.9057593103
348	6470	0.904912
349	6480	0.904324931
350	6490	0.9039543793
351	6500	0.9036687931
352	6510	0.9035856207
353	6520	0.9038207586
354	6530	0.9045549655
355	6540	0.9057683793
356	6550	0.9071334483
357	6560	0.9085022759
358	6570	0.9096120345
359	6580	0.910346069
360	6590	0.9106664483
361	6600	0.9105315172
362	6610	0.9098794828
363	6620	0.9088048966
364	6630	0.9074894828
365	6640	0.9062268276
366	6650	0.905362931
367	6660	0.9049042759
368	6670	0.9049622069
369	6680	0.9055428966
370	6690	0.9064627931
371	6700	0.9073685172
372	6710	0.9080261034
373	6720	0.9083813103
374	6730	0.9083851379
375	6740	0.9080548276
376	6750	0.9075117241
377	6760	0.9067682069
378	6770	0.9061724828
379	6780	0.9058437931
380	6790	0.9057366207
381	6800	0.9058082414
382	6810	0.906160931
383	6820	0.9066492759
384	6830	0.9070383793
385	6840	0.9071874138
386	6850	0.9071682414
387	6860	0.9068843103
388	6870	0.9064947241
389	6880	0.9060091724
390	6890	0.9053341724
391	6900	0.9044212759
392	6910	0.9033058966
393	6920	0.9020170345
394	6930	0.9007676207
395	6940	0.8998145172
396	6950	0.8992374483
397	6960	0.8989931379
398	6970	0.8987543793
399	6980	0.898516931
400	6990	0.8984150345
401	7000	0.898240069
402	7010	0.8978561724
403	7020	0.8969184828
404	7030	0.8951576552
405	7040	0.8924881724
406	7050	0.8890258621
407	7060	0.8845118966
408	7070	0.8780864828
409	7080	0.869358931
410	7090	0.8589008621
411	7100	0.8486402759
412	7110	0.8359247241
413	7120	0.8098899655
414	7130	0.758982069
415	7140	0.6772572069
416	7150	0.5692033103
417	7160	0.4452626207
418	7170	0.3214556207
419	7180	0.2148505
420	7190	0.1373626138
421	7200	0.0873096897
422	7210	0.0559190241
423	7220	0.036415231
424	7230	0.0242479379
425	7240	0.0168273862
426	7250	0.0124237593
427	7260	0.0093246347
428	7270	0.0048173499
429	7280	0.0026432481
430	7290	0.0015850452
431	7300	0.0010376059
432	7310	0.0007394312
433	7320	0.0005507727
434	7330	0.0004119952
435	7340	0.000294749
436	7350	0.0001921141
437	7360	0.0001172464
438	7370	6.97535e-05
439	7380	3.96618e-05
440	7390	2.62159e-05
441	7400	1.97676e-05
442	7410	1.2641e-05
443	7420	1.16291e-05
444	7430	9.6454e-06
445	7440	1.12291e-05
446	7450	8.3508e-06
447	7460	1.08251e-05
448	7470	1.02506e-05
449	7480	7.1519e-06
450	7490	3.897e-06
451	7500	3.3076e-06
452	7510	7.79e-07
453	7520	-2.66e-07
454	7530	1.3466e-06
455	7540	-9.57e-07
456	7550	-1.834e-06
457	7560	7.87e-08
458	7570	2.739e-06
459	7580	1.7248e-06
460	7590	-2.17e-07
461	7600	1.0672e-06
462	7610	1.9646e-06
463	7620	1.091e-06
464	7630	2.6007e-06
465	7640	2.8577e-06
466	7650	1.5748e-06
467	7660	1.5e-07
468	7670	1.9e-06
469	7680	3.7773e-06
470	7690	1.7945e-06
471	7700	-3.73e-07
472	7710	2.8e-09
473	7720	3.0459e-06
474	7730	4.22e-07
475	7740	7.57e-07
476	7750	2.6091e-06
477	7760	1.6975e-06
478	7770	8.21e-07
479	7780	1.631e-06
480	7790	1.9417e-06
481	7800	4.68e-07
482	7810	3.34e-08
483	7820	1.2353e-06
484	7830	1.9807e-06
485	7840	-3.84e-08
486	7850	2.24e-07
487	7860	1.2897e-06
488	7870	1.9117e-06
489	7880	4.112e-06
490	7890	1.0681e-06
491	7900	3.07e-07
492	7910	2.4712e-06
493	7920	2.7623e-06
494	7930	-1.26e-07
495	7940	-3.78e-07
496	7950	-4.96e-07
497	7960	1.55e-08
498	7970	-6.54e-07
499	7980	4.62e-07
500	7990	-4.66e-07
501	8000	-4.379e-06
502	8010	-6.83e-07
503	8020	-9.3e-07
504	8030	-3.86e-07
505	8040	-1.07e-07
506	8050	-1.94e-07
507	8060	1.0725e-06
508	8070	5.44e-07
509	8080	1.44e-07
510	8090	-3.02e-07
511	8100	7.86e-07
512	8110	3.1996e-06
513	8120	1.06e-07
514	8130	2.75e-07
515	8140	8.2e-07
516	8150	-2.22e-07
517	8160	-2.1806e-06
518	8170	4.03e-07
519	8180	1.31e-07
520	8190	-1.94e-07
521	8200	-2.0825e-06
522	8210	-1.5533e-06
523	8220	9.36e-08
524	8230	-2.8122e-06
525	8240	-2.664e-06
526	8250	-6.73e-07
527	8260	6.38e-07
528	8270	1.296e-06
529	8280	2.1022e-06
530	8290	1.4487e-06
531	8300	1.97e-07
532	8310	3.4264e-06
533	8320	1.57e-06
534	8330	3.3238e-06
535	8340	4.36e-07
536	8350	3.6948e-06
537	8360	6.9e-07
538	8370	2.2544e-06
539	8380	-9.83e-07
540	8390	-1.62e-07
541	8400	1.3901e-06
542	8410	-1.3531e-06
543	8420	2.3117e-06
544	8430	2.2479e-06
545	8440	-1.3796e-06
546	8450	2.2124e-06
547	8460	1.5234e-06
548	8470	-1.41e-07
549	8480	2.4827e-06
550	8490	4.0801e-06
551	8500	2.6784e-06
552	8510	4.8361e-06
553	8520	4.4142e-06
554	8530	4.7647e-06
555	8540	3.8238e-06
556	8550	2.1039e-06
557	8560	4.6154e-06
558	8570	2.6552e-06
559	8580	5.5413e-06
560	8590	3.1943e-06
561	8600	1.1182e-06
562	8610	5.2204e-06
563	8620	5.4321e-06
564	8630	4.972e-06
565	8640	5.8022e-06
566	8650	1.3134e-06
567	8660	4.7024e-06
568	8670	4.8056e-06
569	8680	3.4887e-06
570	8690	4.7074e-06
571	8700	6.6998e-06
572	8710	4.2294e-06
573	8720	2.51401e-05
574	8730	3.19451e-05
575	8740	3.15632e-05
576	8750	1.67709e-05
577	8760	8.9311e-06
578	8770	5.6088e-06
579	8780	6.775e-06
580	8790	3.69e-07
581	8800	8.9897e-06
582	8810	5.7275e-06
583	8820	1.89886e-05
584	8830	4.02299e-05
585	8840	5.39825e-05
586	8850	2.41732e-05
587	8860	9.1265e-06
588	8870	8.3163e-06
589	8880	6.4704e-06
590	8890	1.05952e-05
591	8900	2.3007e-06
592	8910	8.26e-07
593	8920	7.1287e-06
594	8930	5.1006e-06
595	8940	3.7105e-06
596	8950	5.5326e-06
597	8960	1.17424e-05
598	8970	7.22e-07
599	8980	-1.11705e-05
600	8990	-2.37416e-05
601	9000	2.9942e-06
602	9010	8.764e-06
603	9020	1.0344e-06
604	9030	-9.62e-07
605	9040	1.4721e-06
606	9050	4.7368e-06
607	9060	-3.6384e-06
608	9070	5.66e-07
609	9080	1.1554e-06
610	9090	4.0439e-06
611	9100	-5.5771e-06
612	9110	5.4803e-06
613	9120	5.0697e-06
614	9130	4.6677e-06
615	9140	3.9e-07
616	9150	1.2147e-06
617	9160	3.5236e-06
618	9170	1.4915e-06
619	9180	2.03e-07
620	9190	1.20199e-05
621	9200	5.34888e-05
622	9210	5.39501e-05
623	9220	3.07886e-05
624	9230	1.02665e-05
625	9240	1.02931e-05
626	9250	9.4469e-06
627	9260	2.5e-07
628	9270	1.0923e-06
629	9280	-4.1616e-06
630	9290	1.5202e-06
631	9300	7.333e-06
632	9310	-4.43e-07
633	9320	1.12954e-05
634	9330	-1.8289e-06
635	9340	1.09537e-05
636	9350	1.5521e-06
637	9360	-1.8227e-06
638	9370	-6.35e-08
639	9380	1.4876e-06
640	9390	7.0296e-06
641	9400	-1.3991e-06
642	9410	8.0342e-06
643	9420	1.8256e-06
644	9430	8.3809e-06
645	9440	1.20815e-05
646	9450	1.77978e-05
647	9460	3.1625e-06
648	9470	-2.4122e-06
649	9480	5.5383e-06
650	9490	-2.7792e-06
651	9500	5.0626e-06
652	9510	-1.0133e-06
653	9520	-2.1588e-06
654	9530	1.1109e-06
655	9540	-6.8682e-06
656	9550	-3.79e-07
657	9560	7.1e-07
658	9570	1.8012e-06
659	9580	1.3794e-06
660	9590	3.7934e-06
661	9600	4.28e-07
662	9610	2.0221e-06
663	9620	-3.983e-06
664	9630	1.9968e-06
665	9640	-4.4388e-06
666	9650	3.4756e-06
667	9660	-1.7229e-06
668	9670	3.4428e-06
669	9680	3.5382e-06
670	9690	7.4874e-06
671	9700	2.5855e-06
672	9710	-1.02945e-05
673	9720	-2.15e-07
674	9730	3.849e-06
675	9740	2.5051e-06
676	9750	3.4901e-06
677	9760	-3.24e-08
678	9770	6.5838e-06
679	9780	9.6e-07
680	9790	-1.13e-07
681	9800	-1.6858e-06
682	9810	3.2439e-06
683	9820	3.1304e-06
684	9830	-2.5702e-06
685	9840	-6.823e-06
686	9850	7.45e-07
687	9860	1.76e-07
688	9870	7.39e-07
689	9880	1.4998e-06
690	9890	-3.6242e-06
691	9900	-4.6252e-06
692	9910	-3.0019e-06
693	9920	-3.82e-06
694	9930	-4.67e-07
695	9940	2.2067e-06
696	9950	-5.5169e-06
697	9960	5.74e-07
698	9970	3.6441e-06
699	9980	-3.029e-06
700	9990	-2.1476e-06
701	10000	-1.94e-07
702	10010	-3.8853e-06
703	10020	5.9e-07
704	10030	7.45e-07
705	10040	-6.35e-07
706	10050	-6.3671e-06
707	10060	-2.7206e-06
708	10070	-5.3221e-06
709	10080	-4.7502e-06
710	10090	2.3665e-06
711	10100	-1.5424e-06
712	10110	-7.1921e-06
713	10120	1.4184e-06
714	10130	-3.44e-07
715	10140	3.1815e-06
716	10150	2.6509e-06
717	10160	5.56e-07
718	10170	-3.1393e-06
719	10180	-1.2091e-06
720	10190	1.2273e-06
721	10200	3.8542e-06
722	10210	-6.9199e-06
723	10220	1.22228e-05
724	10230	-8.4726e-06
725	10240	-4.66e-07
726	10250	-5.3612e-06
727	10260	-1.1467e-06
728	10270	2.9884e-06
729	10280	1.346e-06
730	10290	1.04922e-05
731	10300	-2.29e-07
732	10310	2.6417e-06
733	10320	2.7825e-06
734	10330	2.4599e-06
735	10340	-6.64e-07
736	10350	-4.3537e-06
737	10360	-4.5321e-06
738	10370	7.85e-08
739	10380	2.8304e-06
740	10390	-1.00472e-05
741	10400	1.7958e-06
742	10410	4.2188e-06
743	10420	-4.6489e-06
744	10430	5.75e-07
745	10440	-2.5827e-06
746	10450	-3.8015e-06
747	10460	-8.8952e-06
748	10470	2.6956e-06
749	10480	-9.0551e-06
750	10490	-1.6975e-06
751	10500	2.666e-06
752	10510	4.1979e-06
753	10520	-4.2301e-06
754	10530	-1.0471e-05
755	10540	9.98e-07
756	10550	9.05e-07
757	10560	6.64e-07
758	10570	2.5491e-06
759	10580	5.6324e-06
760	10590	6.09e-07
761	10600	1.2571e-06
762	10610	2.4288e-06
763	10620	2.6964e-06
764	10630	-1.99e-07
765	10640	9.99e-07
766	10650	-7.44e-07
767	10660	-5.4735e-06
768	10670	8.9793e-06
769	10680	-1.4125e-06
770	10690	2.0264e-06
771	10700	-2.6672e-06
772	10710	-1.15e-06
773	10720	2.4893e-06
774	10730	-6.9752e-06
775	10740	-2.3824e-06
776	10750	-7.8417e-06
777	10760	-2.8575e-06
778	10770	-5.6887e-06
779	10780	-2.7966e-06
780	10790	-6.8579e-06
781	10800	-7.9846e-06
782	10810	-2.6684e-06
783	10820	7.54e-07
784	10830	2.3575e-06
785	10840	1.1082e-06
786	10850	2.5731e-06
787	10860	-8.2928e-06
788	10870	-1.7471e-06
789	10880	9.6931e-06
790	10890	-3.0229e-06
791	10900	-2.486e-06
792	10910	-2.9229e-06
793	10920	1.4854e-06
794	10930	-1.4845e-06
795	10940	5.44e-07
796	10950	4.4341e-06
797	10960	1.5171e-06
798	10970	-1.556e-06
799	10980	-4.1038e-06
800	10990	-4.8863e-06
801	11000	-5.9364e-06
