       1       1340.0      0.0000e+00
       2       1341.0      1.1540e-02
       3       1342.0      2.3080e-02
       4       1343.0      3.4620e-02
       5       1344.0      4.6160e-02
       6       1345.0      5.7700e-02
       7       1346.0      6.9240e-02
       8       1347.0      8.0780e-02
       9       1348.0      9.2320e-02
      10       1349.0      1.0386e-01
      11       1350.0      1.1540e-01
      12       1351.0      1.1846e-01
      13       1352.0      1.2151e-01
      14       1353.0      1.2457e-01
      15       1354.0      1.2762e-01
      16       1355.0      1.3068e-01
      17       1356.0      1.3374e-01
      18       1357.0      1.3679e-01
      19       1358.0      1.3985e-01
      20       1359.0      1.4290e-01
      21       1360.0      1.4596e-01
      22       1361.0      1.4902e-01
      23       1362.0      1.5207e-01
      24       1363.0      1.5513e-01
      25       1364.0      1.5818e-01
      26       1365.0      1.6124e-01
      27       1366.0      1.6430e-01
      28       1367.0      1.6735e-01
      29       1368.0      1.7041e-01
      30       1369.0      1.7346e-01
      31       1370.0      1.7652e-01
      32       1371.0      1.7664e-01
      33       1372.0      1.7676e-01
      34       1373.0      1.7689e-01
      35       1374.0      1.7701e-01
      36       1375.0      1.7713e-01
      37       1376.0      1.7725e-01
      38       1377.0      1.7737e-01
      39       1378.0      1.7750e-01
      40       1379.0      1.7762e-01
      41       1380.0      1.7774e-01
      42       1381.0      1.7493e-01
      43       1382.0      1.7212e-01
      44       1383.0      1.6930e-01
      45       1384.0      1.6649e-01
      46       1385.0      1.6368e-01
      47       1386.0      1.6087e-01
      48       1387.0      1.5806e-01
      49       1388.0      1.5524e-01
      50       1389.0      1.5243e-01
      51       1390.0      1.4962e-01
      52       1391.0      1.4681e-01
      53       1392.0      1.4400e-01
      54       1393.0      1.4118e-01
      55       1394.0      1.3837e-01
      56       1395.0      1.3556e-01
      57       1396.0      1.3275e-01
      58       1397.0      1.2994e-01
      59       1398.0      1.2712e-01
      60       1399.0      1.2431e-01
      61       1400.0      1.2150e-01
      62       1401.0      1.2674e-01
      63       1402.0      1.3199e-01
      64       1403.0      1.3723e-01
      65       1404.0      1.4248e-01
      66       1405.0      1.4772e-01
      67       1406.0      1.5296e-01
      68       1407.0      1.5821e-01
      69       1408.0      1.6345e-01
      70       1409.0      1.6870e-01
      71       1410.0      1.7394e-01
      72       1411.0      1.7918e-01
      73       1412.0      1.8443e-01
      74       1413.0      1.8967e-01
      75       1414.0      1.9492e-01
      76       1415.0      2.0016e-01
      77       1416.0      2.0540e-01
      78       1417.0      2.1065e-01
      79       1418.0      2.1589e-01
      80       1419.0      2.2114e-01
      81       1420.0      2.2638e-01
      82       1421.0      2.3078e-01
      83       1422.0      2.3519e-01
      84       1423.0      2.3959e-01
      85       1424.0      2.4400e-01
      86       1425.0      2.4840e-01
      87       1426.0      2.5280e-01
      88       1427.0      2.5721e-01
      89       1428.0      2.6161e-01
      90       1429.0      2.6602e-01
      91       1430.0      2.7042e-01
      92       1431.0      2.7398e-01
      93       1432.0      2.7755e-01
      94       1433.0      2.8111e-01
      95       1434.0      2.8468e-01
      96       1435.0      2.8824e-01
      97       1436.0      2.9180e-01
      98       1437.0      2.9537e-01
      99       1438.0      2.9893e-01
     100       1439.0      3.0250e-01
     101       1440.0      3.0606e-01
     102       1441.0      3.0994e-01
     103       1442.0      3.1319e-01
     104       1443.0      3.1675e-01
     105       1444.0      3.2032e-01
     106       1445.0      3.2388e-01
     107       1446.0      3.2744e-01
     108       1447.0      3.3101e-01
     109       1448.0      3.3457e-01
     110       1449.0      3.3814e-01
     111       1450.0      3.4170e-01
     112       1451.0      3.4294e-01
     113       1452.0      3.4419e-01
     114       1453.0      3.4543e-01
     115       1454.0      3.4668e-01
     116       1455.0      3.4792e-01
     117       1456.0      3.4916e-01
     118       1457.0      3.5041e-01
     119       1458.0      3.5165e-01
     120       1459.0      3.5290e-01
     121       1460.0      3.5414e-01
     122       1461.0      3.5538e-01
     123       1462.0      3.5663e-01
     124       1463.0      3.5787e-01
     125       1464.0      3.5912e-01
     126       1465.0      3.6036e-01
     127       1466.0      3.6160e-01
     128       1467.0      3.6285e-01
     129       1468.0      3.6409e-01
     130       1469.0      3.6534e-01
     131       1470.0      3.6658e-01
     132       1471.0      3.6673e-01
     133       1472.0      3.6688e-01
     134       1473.0      3.6702e-01
     135       1474.0      3.6717e-01
     136       1475.0      3.6732e-01
     137       1476.0      3.6747e-01
     138       1477.0      3.6762e-01
     139       1478.0      3.6776e-01
     140       1479.0      3.6791e-01
     141       1480.0      3.6806e-01
     142       1481.0      3.6711e-01
     143       1482.0      3.6616e-01
     144       1483.0      3.6522e-01
     145       1484.0      3.6427e-01
     146       1485.0      3.6332e-01
     147       1486.0      3.6237e-01
     148       1487.0      3.6142e-01
     149       1488.0      3.6048e-01
     150       1489.0      3.5953e-01
     151       1490.0      3.5858e-01
     152       1491.0      3.5763e-01
     153       1492.0      3.5668e-01
     154       1493.0      3.5574e-01
     155       1494.0      3.5479e-01
     156       1495.0      3.5384e-01
     157       1496.0      3.5289e-01
     158       1497.0      3.5194e-01
     159       1498.0      3.5100e-01
     160       1499.0      3.5005e-01
     161       1500.0      3.4910e-01
     162       1501.0      3.4899e-01
     163       1502.0      3.4888e-01
     164       1503.0      3.4876e-01
     165       1504.0      3.4865e-01
     166       1505.0      3.4854e-01
     167       1506.0      3.4843e-01
     168       1507.0      3.4832e-01
     169       1508.0      3.4820e-01
     170       1509.0      3.4809e-01
     171       1510.0      3.4798e-01
     172       1511.0      3.4787e-01
     173       1512.0      3.4776e-01
     174       1513.0      3.4764e-01
     175       1514.0      3.4753e-01
     176       1515.0      3.4742e-01
     177       1516.0      3.4731e-01
     178       1517.0      3.4720e-01
     179       1518.0      3.4708e-01
     180       1519.0      3.4697e-01
     181       1520.0      3.4686e-01
     182       1521.0      3.4512e-01
     183       1522.0      3.4337e-01
     184       1523.0      3.4163e-01
     185       1524.0      3.3988e-01
     186       1525.0      3.3814e-01
     187       1526.0      3.3640e-01
     188       1527.0      3.3465e-01
     189       1528.0      3.3291e-01
     190       1529.0      3.3116e-01
     191       1530.0      3.2942e-01
     192       1531.0      3.2604e-01
     193       1532.0      3.2267e-01
     194       1533.0      3.1929e-01
     195       1534.0      3.1592e-01
     196       1535.0      3.1254e-01
     197       1536.0      3.0916e-01
     198       1537.0      3.0579e-01
     199       1538.0      3.0241e-01
     200       1539.0      2.9904e-01
     201       1540.0      2.9566e-01
     202       1541.0      2.9228e-01
     203       1542.0      2.8891e-01
     204       1543.0      2.8553e-01
     205       1544.0      2.8216e-01
     206       1545.0      2.7878e-01
     207       1546.0      2.7540e-01
     208       1547.0      2.7203e-01
     209       1548.0      2.6865e-01
     210       1549.0      2.6528e-01
     211       1550.0      2.6190e-01
     212       1551.0      2.6180e-01
     213       1552.0      2.6169e-01
     214       1553.0      2.6159e-01
     215       1554.0      2.6149e-01
     216       1555.0      2.6138e-01
     217       1556.0      2.6128e-01
     218       1557.0      2.6118e-01
     219       1558.0      2.6107e-01
     220       1559.0      2.6097e-01
     221       1560.0      2.6087e-01
     222       1561.0      2.6076e-01
     223       1562.0      2.6066e-01
     224       1563.0      2.6056e-01
     225       1564.0      2.6045e-01
     226       1565.0      2.6035e-01
     227       1566.0      2.6025e-01
     228       1567.0      2.6014e-01
     229       1568.0      2.6004e-01
     230       1569.0      2.5994e-01
     231       1570.0      2.5983e-01
     232       1571.0      2.5973e-01
     233       1572.0      2.5963e-01
     234       1573.0      2.5952e-01
     235       1574.0      2.5942e-01
     236       1575.0      2.5932e-01
     237       1576.0      2.5921e-01
     238       1577.0      2.5911e-01
     239       1578.0      2.5901e-01
     240       1579.0      2.5890e-01
     241       1580.0      2.5880e-01
     242       1581.0      2.5870e-01
     243       1582.0      2.5859e-01
     244       1583.0      2.5849e-01
     245       1584.0      2.5839e-01
     246       1585.0      2.5828e-01
     247       1586.0      2.5818e-01
     248       1587.0      2.5808e-01
     249       1588.0      2.5797e-01
     250       1589.0      2.5787e-01
     251       1590.0      2.5777e-01
     252       1591.0      2.5766e-01
     253       1592.0      2.5756e-01
     254       1593.0      2.5746e-01
     255       1594.0      2.5735e-01
     256       1595.0      2.5725e-01
     257       1596.0      2.5715e-01
     258       1597.0      2.5704e-01
     259       1598.0      2.5694e-01
     260       1599.0      2.5684e-01
     261       1600.0      2.5673e-01
     262       1601.0      2.5663e-01
     263       1602.0      2.5653e-01
     264       1603.0      2.5642e-01
     265       1604.0      2.5632e-01
     266       1605.0      2.5622e-01
     267       1606.0      2.5611e-01
     268       1607.0      2.5601e-01
     269       1608.0      2.5591e-01
     270       1609.0      2.5580e-01
     271       1610.0      2.5570e-01
     272       1611.0      2.5329e-01
     273       1612.0      2.5088e-01
     274       1613.0      2.4847e-01
     275       1614.0      2.4606e-01
     276       1615.0      2.4365e-01
     277       1616.0      2.4124e-01
     278       1617.0      2.3883e-01
     279       1618.0      2.3642e-01
     280       1619.0      2.3401e-01
     281       1620.0      2.3160e-01
     282       1621.0      2.2919e-01
     283       1622.0      2.2678e-01
     284       1623.0      2.2437e-01
     285       1624.0      2.2196e-01
     286       1625.0      2.1955e-01
     287       1626.0      2.1714e-01
     288       1627.0      2.1473e-01
     289       1628.0      2.1232e-01
     290       1629.0      2.0991e-01
     291       1630.0      2.0750e-01
     292       1631.0      2.0509e-01
     293       1632.0      2.0268e-01
     294       1633.0      2.0027e-01
     295       1634.0      1.9786e-01
     296       1635.0      1.9545e-01
     297       1636.0      1.9304e-01
     298       1637.0      1.9063e-01
     299       1638.0      1.8822e-01
     300       1639.0      1.8581e-01
     301       1640.0      1.8340e-01
     302       1641.0      1.8099e-01
     303       1642.0      1.7858e-01
     304       1643.0      1.7617e-01
     305       1644.0      1.7376e-01
     306       1645.0      1.7135e-01
     307       1646.0      1.6894e-01
     308       1647.0      1.6653e-01
     309       1648.0      1.6412e-01
     310       1649.0      1.6171e-01
     311       1650.0      1.5930e-01
     312       1651.0      1.5855e-01
     313       1652.0      1.5781e-01
     314       1653.0      1.5706e-01
     315       1654.0      1.5632e-01
     316       1655.0      1.5557e-01
     317       1656.0      1.5482e-01
     318       1657.0      1.5408e-01
     319       1658.0      1.5333e-01
     320       1659.0      1.5259e-01
     321       1660.0      1.5184e-01
     322       1661.0      1.5109e-01
     323       1662.0      1.5035e-01
     324       1663.0      1.4960e-01
     325       1664.0      1.4886e-01
     326       1665.0      1.4811e-01
     327       1666.0      1.4736e-01
     328       1667.0      1.4662e-01
     329       1668.0      1.4587e-01
     330       1669.0      1.4513e-01
     331       1670.0      1.4438e-01
     332       1671.0      1.4363e-01
     333       1672.0      1.4289e-01
     334       1673.0      1.4214e-01
     335       1674.0      1.4140e-01
     336       1675.0      1.4065e-01
     337       1676.0      1.3990e-01
     338       1677.0      1.3916e-01
     339       1678.0      1.3841e-01
     340       1679.0      1.3767e-01
     341       1680.0      1.3692e-01
     342       1681.0      1.3617e-01
     343       1682.0      1.3543e-01
     344       1683.0      1.3468e-01
     345       1684.0      1.3394e-01
     346       1685.0      1.3319e-01
     347       1686.0      1.3244e-01
     348       1687.0      1.3170e-01
     349       1688.0      1.3095e-01
     350       1689.0      1.3021e-01
     351       1690.0      1.2946e-01
     352       1691.0      1.2871e-01
     353       1692.0      1.2797e-01
     354       1693.0      1.2722e-01
     355       1694.0      1.2648e-01
     356       1695.0      1.2573e-01
     357       1696.0      1.2498e-01
     358       1697.0      1.2424e-01
     359       1698.0      1.2349e-01
     360       1699.0      1.2275e-01
     361       1700.0      1.2200e-01
     362       1701.0      1.2167e-01
     363       1702.0      1.2134e-01
     364       1703.0      1.2101e-01
     365       1704.0      1.2068e-01
     366       1705.0      1.2035e-01
     367       1706.0      1.2002e-01
     368       1707.0      1.1969e-01
     369       1708.0      1.1936e-01
     370       1709.0      1.1903e-01
     371       1710.0      1.1870e-01
     372       1711.0      1.1837e-01
     373       1712.0      1.1804e-01
     374       1713.0      1.1771e-01
     375       1714.0      1.1738e-01
     376       1715.0      1.1705e-01
     377       1716.0      1.1672e-01
     378       1717.0      1.1639e-01
     379       1718.0      1.1606e-01
     380       1719.0      1.1573e-01
     381       1720.0      1.1540e-01
     382       1721.0      1.1507e-01
     383       1722.0      1.1474e-01
     384       1723.0      1.1441e-01
     385       1724.0      1.1408e-01
     386       1725.0      1.1375e-01
     387       1726.0      1.1342e-01
     388       1727.0      1.1309e-01
     389       1728.0      1.1276e-01
     390       1729.0      1.1243e-01
     391       1730.0      1.1210e-01
     392       1731.0      1.1177e-01
     393       1732.0      1.1144e-01
     394       1733.0      1.1111e-01
     395       1734.0      1.1078e-01
     396       1735.0      1.1045e-01
     397       1736.0      1.1012e-01
     398       1737.0      1.0979e-01
     399       1738.0      1.0946e-01
     400       1739.0      1.0913e-01
     401       1740.0      1.0880e-01
     402       1741.0      1.0847e-01
     403       1742.0      1.0814e-01
     404       1743.0      1.0781e-01
     405       1744.0      1.0748e-01
     406       1745.0      1.0715e-01
     407       1746.0      1.0682e-01
     408       1747.0      1.0649e-01
     409       1748.0      1.0616e-01
     410       1749.0      1.0583e-01
     411       1750.0      1.0550e-01
     412       1751.0      1.0360e-01
     413       1752.0      1.0169e-01
     414       1753.0      9.9788e-02
     415       1754.0      9.7884e-02
     416       1755.0      9.5980e-02
     417       1756.0      9.4076e-02
     418       1757.0      9.2172e-02
     419       1758.0      9.0268e-02
     420       1759.0      8.8364e-02
     421       1760.0      8.6460e-02
     422       1761.0      8.4556e-02
     423       1762.0      8.2652e-02
     424       1763.0      8.0748e-02
     425       1764.0      7.8844e-02
     426       1765.0      7.6940e-02
     427       1766.0      7.5036e-02
     428       1767.0      7.3132e-02
     429       1768.0      7.1228e-02
     430       1769.0      6.9324e-02
     431       1770.0      6.7420e-02
     432       1771.0      6.5516e-02
     433       1772.0      6.3612e-02
     434       1773.0      6.1708e-02
     435       1774.0      5.9804e-02
     436       1775.0      5.7900e-02
     437       1776.0      5.5996e-02
     438       1777.0      5.4092e-02
     439       1778.0      5.2188e-02
     440       1779.0      5.0284e-02
     441       1780.0      4.8380e-02
     442       1781.0      4.6476e-02
     443       1782.0      4.4572e-02
     444       1783.0      4.2668e-02
     445       1784.0      4.0764e-02
     446       1785.0      3.8860e-02
     447       1786.0      3.6956e-02
     448       1787.0      3.5052e-02
     449       1788.0      3.3148e-02
     450       1789.0      3.1244e-02
     451       1790.0      2.9340e-02
     452       1791.0      2.7436e-02
     453       1792.0      2.5532e-02
     454       1793.0      2.3628e-02
     455       1794.0      2.1724e-02
     456       1795.0      1.9820e-02
     457       1796.0      1.7916e-02
     458       1797.0      1.6012e-02
     459       1798.0      1.4108e-02
     460       1799.0      1.2204e-02
     461       1800.0      1.0300e-02
     462       1801.0      9.2700e-03
     463       1802.0      8.2400e-03
     464       1803.0      7.2100e-03
     465       1804.0      6.1800e-03
     466       1805.0      5.1500e-03
     467       1806.0      4.1200e-03
     468       1807.0      3.0900e-03
     469       1808.0      2.0600e-03
     470       1809.0      1.0300e-03