1	3000	2.00531e-05
2	3010	2.27989e-05
3	3020	2.06938e-05
4	3030	2.09648e-05
5	3040	2.24326e-05
6	3050	2.04182e-05
7	3060	2.01045e-05
8	3070	2.29288e-05
9	3080	2.13423e-05
10	3090	2.00811e-05
11	3100	2.01879e-05
12	3110	2.06739e-05
13	3120	2.15034e-05
14	3130	2.05281e-05
15	3140	2.15362e-05
16	3150	2.17301e-05
17	3160	2.36034e-05
18	3170	2.2749e-05
19	3180	2.24198e-05
20	3190	1.95791e-05
21	3200	1.94184e-05
22	3210	1.9374e-05
23	3220	2.13341e-05
24	3230	2.44781e-05
25	3240	2.15108e-05
26	3250	1.95036e-05
27	3260	2.02494e-05
28	3270	1.93885e-05
29	3280	1.9271e-05
30	3290	2.21708e-05
31	3300	2.00713e-05
32	3310	2.09862e-05
33	3320	1.95958e-05
34	3330	2.28759e-05
35	3340	2.01054e-05
36	3350	2.12356e-05
37	3360	2.06565e-05
38	3370	1.96463e-05
39	3380	1.8997e-05
40	3390	1.88572e-05
41	3400	2.04538e-05
42	3410	2.22852e-05
43	3420	2.02459e-05
44	3430	2.02883e-05
45	3440	2.01607e-05
46	3450	2.09246e-05
47	3460	2.0712e-05
48	3470	2.01395e-05
49	3480	1.95009e-05
50	3490	1.39209e-05
51	3500	2.02134e-05
52	3510	2.1577e-05
53	3520	1.85958e-05
54	3530	2.13276e-05
55	3540	1.97469e-05
56	3550	1.82468e-05
57	3560	2.03159e-05
58	3570	2.11942e-05
59	3580	1.80836e-05
60	3590	2.04756e-05
61	3600	1.84587e-05
62	3610	2.33233e-05
63	3620	2.55333e-05
64	3630	2.22879e-05
65	3640	2.51878e-05
66	3650	2.3698e-05
67	3660	2.28326e-05
68	3670	2.32014e-05
69	3680	2.18468e-05
70	3690	1.89491e-05
71	3700	1.99325e-05
72	3710	2.15796e-05
73	3720	1.86505e-05
74	3730	2.07687e-05
75	3740	2.04492e-05
76	3750	2.03649e-05
77	3760	1.77165e-05
78	3770	1.91542e-05
79	3780	1.97688e-05
80	3790	1.96074e-05
81	3800	1.77895e-05
82	3810	2.02451e-05
83	3820	2.05772e-05
84	3830	1.76744e-05
85	3840	2.04952e-05
86	3850	1.86589e-05
87	3860	1.80389e-05
88	3870	1.96843e-05
89	3880	2.00847e-05
90	3890	1.86142e-05
91	3900	2.09705e-05
92	3910	2.00258e-05
93	3920	2.05071e-05
94	3930	2.10428e-05
95	3940	1.85974e-05
96	3950	1.92902e-05
97	3960	2.08291e-05
98	3970	2.15342e-05
99	3980	1.91119e-05
100	3990	2.38228e-05
101	4000	3.36677e-05
102	4010	4.18204e-05
103	4020	4.80203e-05
104	4030	4.95972e-05
105	4040	6.09052e-05
106	4050	7.75889e-05
107	4060	8.15577e-05
108	4070	6.74113e-05
109	4080	5.89929e-05
110	4090	5.92998e-05
111	4100	7.72778e-05
112	4110	0.0001021578
113	4120	0.0001063406
114	4130	8.12732e-05
115	4140	6.21707e-05
116	4150	6.45057e-05
117	4160	6.0345e-05
118	4170	4.70619e-05
119	4180	4.14181e-05
120	4190	4.27978e-05
121	4200	4.75494e-05
122	4210	6.22417e-05
123	4220	7.67551e-05
124	4230	9.00615e-05
125	4240	0.0001159688
126	4250	0.0001435162
127	4260	0.0001390854
128	4270	8.93706e-05
129	4280	4.17602e-05
130	4290	2.76748e-05
131	4300	2.26357e-05
132	4310	2.17063e-05
133	4320	2.33654e-05
134	4330	2.37619e-05
135	4340	2.72671e-05
136	4350	3.51678e-05
137	4360	3.89738e-05
138	4370	2.95083e-05
139	4380	2.00903e-05
140	4390	2.26437e-05
141	4400	2.17085e-05
142	4410	2.24892e-05
143	4420	3.79447e-05
144	4430	7.15143e-05
145	4440	0.0001140102
146	4450	0.0001337397
147	4460	0.000123309
148	4470	0.0001137034
149	4480	0.0001099975
150	4490	8.99242e-05
151	4500	5.28644e-05
152	4510	2.99414e-05
153	4520	2.36241e-05
154	4530	2.10925e-05
155	4540	2.06815e-05
156	4550	2.10855e-05
157	4560	3.836e-05
158	4570	6.34477e-05
159	4580	5.90907e-05
160	4590	3.52842e-05
161	4600	2.47476e-05
162	4610	2.03116e-05
163	4620	2.16816e-05
164	4630	1.885e-05
165	4640	2.0232e-05
166	4650	1.80403e-05
167	4660	1.88596e-05
168	4670	1.81377e-05
169	4680	2.04814e-05
170	4690	2.42217e-05
171	4700	4.34727e-05
172	4710	7.83451e-05
173	4720	8.70643e-05
174	4730	6.22909e-05
175	4740	3.60367e-05
176	4750	2.47545e-05
177	4760	2.56776e-05
178	4770	2.7703e-05
179	4780	2.79969e-05
180	4790	2.89052e-05
181	4800	2.97823e-05
182	4810	3.06496e-05
183	4820	3.49302e-05
184	4830	3.86324e-05
185	4840	3.95917e-05
186	4850	3.35356e-05
187	4860	3.01932e-05
188	4870	4.43058e-05
189	4880	0.0001082195
190	4890	0.0001672908
191	4900	0.0001250585
192	4910	5.04151e-05
193	4920	2.80447e-05
194	4930	2.90832e-05
195	4940	3.42026e-05
196	4950	4.78034e-05
197	4960	7.41625e-05
198	4970	0.0001258975
199	4980	0.0001695585
200	4990	0.0001363018
201	5000	6.5474e-05
202	5010	2.75111e-05
203	5020	2.17489e-05
204	5030	1.98084e-05
205	5040	1.98338e-05
206	5050	2.01095e-05
207	5060	2.09053e-05
208	5070	2.2823e-05
209	5080	2.74985e-05
210	5090	2.94604e-05
211	5100	3.17378e-05
212	5110	3.00047e-05
213	5120	3.16867e-05
214	5130	3.03433e-05
215	5140	2.90581e-05
216	5150	2.76501e-05
217	5160	2.40518e-05
218	5170	2.27454e-05
219	5180	2.2106e-05
220	5190	2.44035e-05
221	5200	2.41187e-05
222	5210	2.92063e-05
223	5220	3.15999e-05
224	5230	3.22706e-05
225	5240	2.87697e-05
226	5250	2.48312e-05
227	5260	2.4714e-05
228	5270	3.00538e-05
229	5280	3.19258e-05
230	5290	3.1606e-05
231	5300	2.7857e-05
232	5310	2.44284e-05
233	5320	2.39946e-05
234	5330	2.61014e-05
235	5340	3.03268e-05
236	5350	3.31278e-05
237	5360	3.13362e-05
238	5370	2.58605e-05
239	5380	2.11027e-05
240	5390	1.92547e-05
241	5400	1.8705e-05
242	5410	1.87251e-05
243	5420	1.92834e-05
244	5430	1.86315e-05
245	5440	2.04199e-05
246	5450	2.48941e-05
247	5460	2.69679e-05
248	5470	2.65815e-05
249	5480	2.36074e-05
250	5490	1.93927e-05
251	5500	1.84995e-05
252	5510	1.9156e-05
253	5520	1.78712e-05
254	5530	1.74848e-05
255	5540	1.70167e-05
256	5550	1.77987e-05
257	5560	1.7835e-05
258	5570	1.76079e-05
259	5580	2.39009e-05
260	5590	3.29291e-05
261	5600	3.36166e-05
262	5610	2.39371e-05
263	5620	1.79073e-05
264	5630	1.76991e-05
265	5640	1.69628e-05
266	5650	1.80175e-05
267	5660	1.66358e-05
268	5670	1.80708e-05
269	5680	1.66796e-05
270	5690	1.83286e-05
271	5700	1.71235e-05
272	5710	1.67932e-05
273	5720	1.71104e-05
274	5730	1.68864e-05
275	5740	1.86651e-05
276	5750	2.06718e-05
277	5760	2.01949e-05
278	5770	1.69979e-05
279	5780	1.7122e-05
280	5790	1.6286e-05
281	5800	1.7892e-05
282	5810	1.6405e-05
283	5820	1.62547e-05
284	5830	1.60471e-05
285	5840	1.69476e-05
286	5850	1.5951e-05
287	5860	1.55968e-05
288	5870	1.80405e-05
289	5880	1.54343e-05
290	5890	1.73086e-05
291	5900	1.83883e-05
292	5910	1.64719e-05
293	5920	1.77433e-05
294	5930	1.52947e-05
295	5940	1.74755e-05
296	5950	1.5681e-05
297	5960	1.62471e-05
298	5970	1.4697e-05
299	5980	1.54893e-05
300	5990	1.62948e-05
301	6000	1.56295e-05
302	6010	1.71658e-05
303	6020	1.55568e-05
304	6030	1.63926e-05
305	6040	1.46278e-05
306	6050	1.72094e-05
307	6060	1.56813e-05
308	6070	1.61014e-05
309	6080	1.67948e-05
310	6090	1.73487e-05
311	6100	1.70429e-05
312	6110	1.58213e-05
313	6120	1.60053e-05
314	6130	1.72972e-05
315	6140	1.60963e-05
316	6150	1.72544e-05
317	6160	1.58062e-05
318	6170	1.58829e-05
319	6180	1.65345e-05
320	6190	1.65247e-05
321	6200	1.63369e-05
322	6210	1.60194e-05
323	6220	1.569e-05
324	6230	1.50477e-05
325	6240	1.44895e-05
326	6250	1.69537e-05
327	6260	1.69068e-05
328	6270	1.58073e-05
329	6280	1.5846e-05
330	6290	1.54826e-05
331	6300	1.63914e-05
332	6310	1.52161e-05
333	6320	1.55102e-05
334	6330	1.50476e-05
335	6340	1.64343e-05
336	6350	1.56781e-05
337	6360	1.43019e-05
338	6370	1.62311e-05
339	6380	1.5985e-05
340	6390	1.69699e-05
341	6400	1.55565e-05
342	6410	1.59124e-05
343	6420	1.52222e-05
344	6430	1.5165e-05
345	6440	1.48259e-05
346	6450	1.65024e-05
347	6460	1.63305e-05
348	6470	1.58889e-05
349	6480	1.6143e-05
350	6490	1.53695e-05
351	6500	1.66403e-05
352	6510	1.63225e-05
353	6520	1.6046e-05
354	6530	1.72719e-05
355	6540	1.71692e-05
356	6550	1.63574e-05
357	6560	1.67883e-05
358	6570	1.60578e-05
359	6580	1.74542e-05
360	6590	1.7374e-05
361	6600	1.74373e-05
362	6610	1.64623e-05
363	6620	1.76414e-05
364	6630	1.76976e-05
365	6640	1.90503e-05
366	6650	1.82187e-05
367	6660	1.91231e-05
368	6670	1.99164e-05
369	6680	2.13527e-05
370	6690	2.27228e-05
371	6700	2.49941e-05
372	6710	2.65715e-05
373	6720	2.86835e-05
374	6730	3.23293e-05
375	6740	3.94029e-05
376	6750	4.45294e-05
377	6760	5.53277e-05
378	6770	7.0224e-05
379	6780	9.61807e-05
380	6790	0.0001291086
381	6800	0.0001754628
382	6810	0.0002389917
383	6820	0.0003139833
384	6830	0.0004145089
385	6840	0.000535164
386	6850	0.0006864256
387	6860	0.0008990836
388	6870	0.0012081496
389	6880	0.001683674
390	6890	0.0024343538
391	6900	0.0027479041
392	6910	0.0029422317
393	6920	0.0031717128
394	6930	0.0035038948
395	6940	0.0039940721
396	6950	0.0045852745
397	6960	0.0053949197
398	6970	0.006725559
399	6980	0.0088378562
400	6990	0.0120936297
401	7000	0.0172160072
402	7010	0.0253292621
403	7020	0.0376436521
404	7030	0.0558102828
405	7040	0.081820869
406	7050	0.1176706552
407	7060	0.1651810241
408	7070	0.2253172862
409	7080	0.2977498103
410	7090	0.3804313448
411	7100	0.469345931
412	7110	0.5591340345
413	7120	0.6444767586
414	7130	0.7208728621
415	7140	0.7852461724
416	7150	0.8361227241
417	7160	0.8741121724
418	7170	0.9005157586
419	7180	0.9172012069
420	7190	0.9263857931
421	7200	0.9305614483
422	7210	0.9318977586
423	7220	0.9325196552
424	7230	0.9339546207
425	7240	0.9368806552
426	7250	0.9414391724
427	7260	0.9471654828
428	7270	0.9532242759
429	7280	0.9585913793
430	7290	0.9623028276
431	7300	0.9638273793
432	7310	0.9631293103
433	7320	0.9605536897
434	7330	0.9567790345
435	7340	0.9527170345
436	7350	0.9493681379
437	7360	0.9474128621
438	7370	0.9471596207
439	7380	0.9485092069
440	7390	0.951015931
441	7400	0.954427
442	7410	0.9580055517
443	7420	0.961140069
444	7430	0.9634994483
445	7440	0.9649945517
446	7450	0.9655192414
447	7460	0.9653577586
448	7470	0.9649188621
449	7480	0.9645418966
450	7490	0.9643137931
451	7500	0.9645581034
452	7510	0.9652072414
453	7520	0.9660027586
454	7530	0.9666552069
455	7540	0.9670135172
456	7550	0.9667971034
457	7560	0.9658947241
458	7570	0.964392
459	7580	0.9625169655
460	7590	0.9604052414
461	7600	0.9583984483
462	7610	0.956735069
463	7620	0.9555393448
464	7630	0.954827931
465	7640	0.9544214138
466	7650	0.9542172414
467	7660	0.9541733448
468	7670	0.9542787241
469	7680	0.9545163793
470	7690	0.9549212759
471	7700	0.9556164138
472	7710	0.9568005862
473	7720	0.9586161034
474	7730	0.960960931
475	7740	0.9637149655
476	7750	0.9666424483
477	7760	0.9694284828
478	7770	0.9717157931
479	7780	0.973098931
480	7790	0.9737421379
481	7800	0.9735250345
482	7810	0.9726509655
483	7820	0.9717416552
484	7830	0.9709253103
485	7840	0.9707275172
486	7850	0.9712768966
487	7860	0.9724254828
488	7870	0.9739054828
489	7880	0.9752944828
490	7890	0.9758355862
491	7900	0.974971
492	7910	0.9723624828
493	7920	0.967801
494	7930	0.9616566207
495	7940	0.9544625172
496	7950	0.9471524828
497	7960	0.940832069
498	7970	0.9363008276
499	7980	0.934045931
500	7990	0.9345216552
501	8000	0.937684931
502	8010	0.9429401034
503	8020	0.9496086207
504	8030	0.9563407241
505	8040	0.9620568276
506	8050	0.9658816552
507	8060	0.9671346207
508	8070	0.9656053448
509	8080	0.9618390345
510	8090	0.9567772759
511	8100	0.9515454138
512	8110	0.9472217586
513	8120	0.9444737241
514	8130	0.9439415517
515	8140	0.9456390345
516	8150	0.9489985517
517	8160	0.9532900345
518	8170	0.9573487931
519	8180	0.9600663793
520	8190	0.9605795862
521	8200	0.9584454138
522	8210	0.953800931
523	8220	0.9471512759
524	8230	0.9397626552
525	8240	0.9330435517
526	8250	0.9280516552
527	8260	0.9257770345
528	8270	0.9267157931
529	8280	0.9307516207
530	8290	0.9371135862
531	8300	0.9444672414
532	8310	0.9521078966
533	8320	0.9583675862
534	8330	0.9620407586
535	8340	0.9626594828
536	8350	0.9599567241
537	8360	0.9550621034
538	8370	0.9486264138
539	8380	0.941582
540	8390	0.9352733103
541	8400	0.9304306207
542	8410	0.9271771034
543	8420	0.9255213448
544	8430	0.9252953793
545	8440	0.9261165862
546	8450	0.9279101379
547	8460	0.9307452414
548	8470	0.9346426207
549	8480	0.9394014138
550	8490	0.9446314138
551	8500	0.9472206207
552	8510	0.9424623448
553	8520	0.9236890345
554	8530	0.8834862414
555	8540	0.817025
556	8550	0.7250379655
557	8560	0.6133464483
558	8570	0.4921193793
559	8580	0.3741056552
560	8590	0.2704745103
561	8600	0.1871492448
562	8610	0.1255366655
563	8620	0.0833409172
564	8630	0.056077
565	8640	0.0385747448
566	8650	0.0277122035
567	8660	0.0211114276
568	8670	0.0167854276
569	8680	0.013884731
570	8690	0.0119678441
571	8700	0.0105071514
572	8710	0.0092439335
573	8720	0.0084041714
574	8730	0.0079076476
575	8740	0.0073034031
576	8750	0.0066178286
577	8760	0.0061381659
578	8770	0.0044634622
579	8780	0.0030408198
580	8790	0.0021000964
581	8800	0.0014801279
582	8810	0.0010622592
583	8820	0.0007798663
584	8830	0.0005711672
585	8840	0.0004099653
586	8850	0.0003223415
587	8860	0.0002508678
588	8870	0.0001967343
589	8880	0.0001554175
590	8890	0.0001252644
591	8900	0.0001027092
592	8910	8.19799e-05
593	8920	7.10743e-05
594	8930	6.16072e-05
595	8940	6.03162e-05
596	8950	4.7277e-05
597	8960	4.47425e-05
598	8970	5.2732e-05
599	8980	3.38632e-05
600	8990	3.2729e-06
601	9000	-0.0008517785
602	9010	-0.0008685275
603	9020	-0.0008692025
604	9030	-0.0008777695
605	9040	-0.0008705477
606	9050	-0.000878105
607	9060	-0.0008763669
608	9070	-0.0008701457
609	9080	-0.0008746113
610	9090	-0.000862935
611	9100	-0.0008674187
612	9110	-0.000861789
613	9120	-0.0008636499
614	9130	-0.0008729322
615	9140	-0.0008709166
616	9150	-0.0008704259
617	9160	-0.0008577967
618	9170	-0.0008627418
619	9180	-0.0008694311
620	9190	-0.0008639
621	9200	-0.0008687302
622	9210	-0.0008627837
623	9220	-0.0008698344
624	9230	-0.0008582687
625	9240	-0.0008662549
626	9250	-0.0008628934
627	9260	-0.0008586697
628	9270	-0.0008638525
629	9280	-0.000861473
630	9290	-0.0008591112
631	9300	-0.0008581094
632	9310	-0.0008637673
633	9320	-0.0008593891
634	9330	-0.000854537
635	9340	-0.0008589978
636	9350	-0.0008547266
637	9360	-0.0008581348
638	9370	-0.0008624208
639	9380	-0.0008647369
640	9390	-0.0008716635
641	9400	-0.000856058
642	9410	-0.0008600935
643	9420	-0.0008568265
644	9430	-0.0008631854
645	9440	-0.0008627657
646	9450	-0.0008575347
647	9460	-0.000851042
648	9470	-0.0008521378
649	9480	-0.0008621978
650	9490	-0.0008624889
651	9500	-0.00086243
652	9510	-0.0008570878
653	9520	-0.0008566314
654	9530	-0.0008580343
655	9540	-0.0008542977
656	9550	-0.0008513664
657	9560	-0.0008594455
658	9570	-0.0008539631
659	9580	-0.000852242
660	9590	-0.0008531234
661	9600	-0.0008524323
662	9610	-0.0008582203
663	9620	-0.0008436657
664	9630	-0.0008512445
665	9640	-0.0008457083
666	9650	-0.000857745
667	9660	-0.0008465127
668	9670	-0.0008544035
669	9680	-0.0008489903
670	9690	-0.0008429293
671	9700	-0.0008440375
672	9710	-0.0008463025
673	9720	-0.0008550357
674	9730	-0.000842763
675	9740	-0.0008513694
676	9750	-0.0008471779
677	9760	-0.000841123
678	9770	-0.0008551363
679	9780	-0.0008478653
680	9790	-0.0008402357
681	9800	-0.0008440651
682	9810	-0.0008431078
683	9820	-0.0008429888
684	9830	-0.0008412327
685	9840	-0.0008482152
686	9850	-0.0008364243
687	9860	-0.0008394158
688	9870	-0.0008517487
689	9880	-0.0008406487
690	9890	-0.0008379683
691	9900	-0.0008390424
692	9910	-0.0008400304
693	9920	-0.0008448433
694	9930	-0.0008419599
695	9940	-0.0008374259
696	9950	-0.0008392719
697	9960	-0.0008415793
698	9970	-0.0008380581
699	9980	-0.0008400975
700	9990	-0.0008397093
701	10000	-0.0008399853
702	10010	-0.0008357236
703	10020	-0.0008367639
704	10030	-0.0008322766
705	10040	-0.0008403221
706	10050	-0.0008363758
707	10060	-0.0008422888
708	10070	-0.0008290712
709	10080	-0.0008365673
710	10090	-0.0008417169
711	10100	-0.0008322635
712	10110	-0.0008367713
713	10120	-0.0008401682
714	10130	-0.000837336
715	10140	-0.0008349615
716	10150	-0.0008292085
717	10160	-0.0008338179
718	10170	-0.0008407281
719	10180	-0.0008366496
720	10190	-0.0008470864
721	10200	-0.0008336394
722	10210	-0.0008277018
723	10220	-0.0008361722
724	10230	-0.0008325349
725	10240	-0.0008315295
726	10250	-0.0008353021
727	10260	-0.0008329854
728	10270	-0.0008315548
729	10280	-0.0008321884
730	10290	-0.0008314133
731	10300	-0.0008270831
732	10310	-0.000831664
733	10320	-0.0008316751
734	10330	-0.0008322468
735	10340	-0.0008320177
736	10350	-0.0008301306
737	10360	-0.000831067
738	10370	-0.0008222797
739	10380	-0.0008292859
740	10390	-0.0008274392
741	10400	-0.0008339427
742	10410	-0.0008335514
743	10420	-0.0008264275
744	10430	-0.0008337531
745	10440	-0.0008375763
746	10450	-0.0008336924
747	10460	-0.0008321589
748	10470	-0.000835759
749	10480	-0.0008313812
750	10490	-0.0008271016
751	10500	-0.0008383571
752	10510	-0.0008235806
753	10520	-0.000831213
754	10530	-0.000831932
755	10540	-0.0008238351
756	10550	-0.0008346404
757	10560	-0.0008326277
758	10570	-0.0008319335
759	10580	-0.0008379262
760	10590	-0.0008295124
761	10600	-0.000831385
762	10610	-0.0008364692
763	10620	-0.0008310041
764	10630	-0.0008313188
765	10640	-0.0008320766
766	10650	-0.0008327684
767	10660	-0.0008246017
768	10670	-0.0008266208
769	10680	-0.0008213396
770	10690	-0.0008283171
771	10700	-0.0008362104
772	10710	-0.000831049
773	10720	-0.00083511
774	10730	-0.0008347466
775	10740	-0.0008277287
776	10750	-0.0008246155
777	10760	-0.0008397977
778	10770	-0.000833801
779	10780	-0.0008301298
780	10790	-0.0008333811
781	10800	-0.000827429
782	10810	-0.0008327328
783	10820	-0.0008358066
784	10830	-0.0008317198
785	10840	-0.0008342983
786	10850	-0.0008311422
787	10860	-0.000836559
788	10870	-0.0008331855
789	10880	-0.000832711
790	10890	-0.0008398607
791	10900	-0.0008335748
792	10910	-0.0008333294
793	10920	-0.0008310545
794	10930	-0.0008324569
795	10940	-0.0008321065
796	10950	-0.0008283342
797	10960	-0.0008410514
798	10970	-0.0008388924
799	10980	-0.000834014
800	10990	-0.0008313621
801	11000	-0.0008334281
