       1   2.5221e+06      1.4797e-05
       2   2.5349e+06      2.1124e-05
       3   2.5413e+06      2.7993e-05
       4   2.5471e+06      3.0759e-05
       5   2.5536e+06      3.7765e-05
       6   2.5602e+06      3.9914e-05
       7   2.5667e+06      4.1831e-05
       8   2.5733e+06      5.7046e-05
       9   2.5793e+06      6.9839e-05
      10   2.5860e+06      7.4428e-05
      11   2.5927e+06      7.8041e-05
      12   2.5994e+06      9.2944e-05
      13   2.6055e+06      1.0273e-04
      14   2.6123e+06      1.2454e-04
      15   2.6192e+06      1.5027e-04
      16   2.6261e+06      1.7758e-04
      17   2.6330e+06      2.1228e-04
      18   2.6392e+06      2.6326e-04
      19   2.6462e+06      3.1570e-04
      20   2.6532e+06      3.9853e-04
      21   2.6603e+06      4.9006e-04
      22   2.6667e+06      6.0183e-04
      23   2.6738e+06      7.4719e-04
      24   2.6810e+06      9.4460e-04
      25   2.6882e+06      1.1676e-03
      26   2.6954e+06      1.4512e-03
      27   2.7020e+06      1.7847e-03
      28   2.7093e+06      2.0907e-03
      29   2.7167e+06      2.4132e-03
      30   2.7241e+06      2.7824e-03
      31   2.7315e+06      3.1752e-03
      32   2.7382e+06      3.6281e-03
      33   2.7457e+06      4.2246e-03
      34   2.7533e+06      4.8504e-03
      35   2.7609e+06      5.4894e-03
      36   2.7678e+06      6.2607e-03
      37   2.7755e+06      7.1522e-03
      38   2.7832e+06      7.9895e-03
      39   2.7910e+06      8.8449e-03
      40   2.7988e+06      9.8105e-03
      41   2.8058e+06      1.1001e-02
      42   2.8137e+06      1.1945e-02
      43   2.8217e+06      1.3375e-02
      44   2.8297e+06      1.5146e-02
      45   2.8377e+06      1.6615e-02
      46   2.8450e+06      1.9887e-02
      47   2.8531e+06      2.5881e-02
      48   2.8612e+06      2.8775e-02
      49   2.8694e+06      3.7095e-02
      50   2.8769e+06      4.4807e-02
      51   2.8852e+06      5.5121e-02
      52   2.8935e+06      6.5916e-02
      53   2.9019e+06      7.8540e-02
      54   2.9104e+06      9.1410e-02
      55   2.9180e+06      1.0774e-01
      56   2.9265e+06      1.3193e-01
      57   2.9351e+06      1.6586e-01
      58   2.9438e+06      2.0855e-01
      59   2.9525e+06      2.5948e-01
      60   2.9603e+06      3.1365e-01
      61   2.9691e+06      3.6717e-01
      62   2.9780e+06      4.0533e-01
      63   2.9869e+06      4.3153e-01
      64   2.9949e+06      4.5351e-01
      65   3.0039e+06      4.7540e-01
      66   3.0130e+06      4.9198e-01
      67   3.0221e+06      5.0332e-01
      68   3.0312e+06      5.2102e-01
      69   3.0395e+06      5.2556e-01
      70   3.0488e+06      5.2261e-01
      71   3.0581e+06      5.2108e-01
      72   3.0675e+06      5.2340e-01
      73   3.0769e+06      5.3165e-01
      74   3.0855e+06      5.2551e-01
      75   3.0950e+06      5.4658e-01
      76   3.1046e+06      5.6522e-01
      77   3.1143e+06      5.7639e-01
      78   3.1230e+06      5.8060e-01
      79   3.1328e+06      5.9225e-01
      80   3.1427e+06      6.0239e-01
      81   3.1526e+06      5.9524e-01
      82   3.1626e+06      5.9191e-01
      83   3.1716e+06      5.8762e-01
      84   3.1817e+06      5.7438e-01
      85   3.1918e+06      5.7320e-01
      86   3.2020e+06      5.8144e-01
      87   3.2113e+06      6.1465e-01
      88   3.2216e+06      6.5054e-01
      89   3.2321e+06      6.9224e-01
      90   3.2425e+06      7.0621e-01
      91   3.2531e+06      7.1885e-01
      92   3.2626e+06      6.9662e-01
      93   3.2733e+06      6.9144e-01
      94   3.2841e+06      6.7334e-01
      95   3.2949e+06      6.6598e-01
      96   3.3058e+06      6.7649e-01
      97   3.3156e+06      6.9504e-01
      98   3.3267e+06      7.0441e-01
      99   3.3378e+06      7.2773e-01
     100   3.3490e+06      7.3845e-01
     101   3.3591e+06      7.4425e-01
     102   3.3704e+06      7.4702e-01
     103   3.3818e+06      7.4729e-01
     104   3.3933e+06      7.3944e-01
     105   3.4048e+06      7.4075e-01
     106   3.4153e+06      7.4410e-01
     107   3.4270e+06      7.5176e-01
     108   3.4388e+06      7.7554e-01
     109   3.4507e+06      7.8364e-01
     110   3.4626e+06      7.7209e-01
     111   3.4734e+06      7.4954e-01
     112   3.4855e+06      7.4872e-01
     113   3.4977e+06      7.3376e-01
     114   3.5100e+06      7.4102e-01
     115   3.5211e+06      7.7504e-01
     116   3.5336e+06      8.2051e-01
     117   3.5461e+06      8.6618e-01
     118   3.5587e+06      8.7485e-01
     119   3.5714e+06      8.8597e-01
     120   3.5829e+06      8.7292e-01
     121   3.5958e+06      8.3144e-01
     122   3.6088e+06      8.1219e-01
     123   3.6219e+06      8.0674e-01
     124   3.6350e+06      8.0839e-01
     125   3.6470e+06      8.2723e-01
     126   3.6603e+06      8.3658e-01
     127   3.6738e+06      8.6692e-01
     128   3.6873e+06      8.7504e-01
     129   3.6996e+06      8.8870e-01
     130   3.7133e+06      9.0323e-01
     131   3.7272e+06      9.2065e-01
     132   3.7411e+06      9.1190e-01
     133   3.7552e+06      9.0028e-01
     134   3.7679e+06      8.9461e-01
     135   3.7821e+06      8.9413e-01
     136   3.7965e+06      8.9469e-01
     137   3.8110e+06      8.9436e-01
     138   3.8256e+06      8.9793e-01
     139   3.8388e+06      9.1912e-01
     140   3.8536e+06      9.0268e-01
     141   3.8685e+06      8.8461e-01
     142   3.8835e+06      8.6471e-01
     143   3.8971e+06      8.5826e-01
     144   3.9124e+06      8.4901e-01
     145   3.9277e+06      8.5466e-01
     146   3.9432e+06      8.3202e-01
     147   3.9588e+06      8.0702e-01
     148   3.9730e+06      7.4421e-01
     149   3.9888e+06      6.9377e-01
     150   4.0048e+06      6.0863e-01
     151   4.0209e+06      5.3892e-01
     152   4.0371e+06      4.6087e-01
     153   4.0519e+06      4.0862e-01
     154   4.0683e+06      3.4158e-01
     155   4.0850e+06      2.9822e-01
     156   4.1017e+06      2.6159e-01
     157   4.1169e+06      2.2618e-01
     158   4.1339e+06      1.8750e-01
     159   4.1511e+06      1.5589e-01
     160   4.1684e+06      7.6412e-02
     161   4.1859e+06      3.5884e-02
     162   4.2017e+06      2.1170e-02
     163   4.2194e+06      1.3973e-02
     164   4.2373e+06      9.9172e-03
     165   4.2553e+06      7.0921e-03
     166   4.2717e+06      5.3999e-03
     167   4.2900e+06      4.2825e-03
     168   4.3085e+06      3.3619e-03
     169   4.3271e+06      2.6169e-03
     170   4.3459e+06      2.1231e-03
     171   4.3630e+06      1.7236e-03
     172   4.3821e+06      1.4359e-03
     173   4.4014e+06      1.2646e-03
     174   4.4209e+06      1.1439e-03
     175   4.4405e+06      1.0085e-03
     176   4.4583e+06      8.7663e-04
     177   4.4783e+06      7.6571e-04
     178   4.4984e+06      6.4656e-04
     179   4.5188e+06      5.6554e-04
     180   4.5372e+06      5.0460e-04
     181   4.5579e+06      4.7451e-04
     182   4.5788e+06      4.6049e-04
     183   4.5998e+06      4.5394e-04
     184   4.6211e+06      4.3607e-04
     185   4.6404e+06      4.1111e-04
     186   4.6620e+06      3.9289e-04
     187   4.6838e+06      3.6199e-04
     188   4.7059e+06      3.3043e-04
     189   4.7281e+06      2.9077e-04