1	3000	5.244e-06
2	3010	7.2794e-06
3	3020	3.77e-06
4	3030	4.2126e-06
5	3040	6.0362e-06
6	3050	4.1272e-06
7	3060	3.7081e-06
8	3070	6.5338e-06
9	3080	4.7711e-06
10	3090	4.726e-06
11	3100	5.1658e-06
12	3110	6.7809e-06
13	3120	4.7815e-06
14	3130	9.0229e-06
15	3140	1.18929e-05
16	3150	1.1879e-05
17	3160	7.4904e-06
18	3170	1.02548e-05
19	3180	1.18293e-05
20	3190	1.83557e-05
21	3200	1.50673e-05
22	3210	1.31143e-05
23	3220	1.65662e-05
24	3230	1.8118e-05
25	3240	9.8581e-06
26	3250	5.3444e-06
27	3260	7.3975e-06
28	3270	8.7438e-06
29	3280	1.14679e-05
30	3290	1.82929e-05
31	3300	2.01358e-05
32	3310	1.43093e-05
33	3320	1.00138e-05
34	3330	6.4196e-06
35	3340	6.0212e-06
36	3350	7.2409e-06
37	3360	6.7865e-06
38	3370	7.1318e-06
39	3380	8.1692e-06
40	3390	7.1341e-06
41	3400	5.0416e-06
42	3410	8.1255e-06
43	3420	6.4781e-06
44	3430	9.2529e-06
45	3440	6.8509e-06
46	3450	5.7982e-06
47	3460	7.0144e-06
48	3470	5.814e-06
49	3480	4.4775e-06
50	3490	-1.2351e-06
51	3500	4.6456e-06
52	3510	4.0669e-06
53	3520	3.6023e-06
54	3530	8.1996e-06
55	3540	8.6694e-06
56	3550	3.8254e-06
57	3560	4.7894e-06
58	3570	4.5991e-06
59	3580	1.5178e-06
60	3590	5.4255e-06
61	3600	3.1849e-06
62	3610	2.0764e-06
63	3620	4.2184e-06
64	3630	7.3185e-06
65	3640	3.6652e-06
66	3650	1.12983e-05
67	3660	6.3463e-06
68	3670	6.1478e-06
69	3680	4.206e-06
70	3690	4.4409e-06
71	3700	9.7789e-06
72	3710	7.707e-06
73	3720	6.1786e-06
74	3730	5.018e-06
75	3740	1.08211e-05
76	3750	2.35473e-05
77	3760	3.56588e-05
78	3770	3.67582e-05
79	3780	2.68973e-05
80	3790	1.38027e-05
81	3800	8.3035e-06
82	3810	2.9668e-06
83	3820	4.7765e-06
84	3830	4.4366e-06
85	3840	3.7632e-06
86	3850	4.0862e-06
87	3860	2.8033e-06
88	3870	7.405e-06
89	3880	4.8201e-06
90	3890	3.9322e-06
91	3900	5.1526e-06
92	3910	3.2357e-06
93	3920	4.7796e-06
94	3930	3.4492e-06
95	3940	4.0928e-06
96	3950	2.4532e-06
97	3960	4.5141e-06
98	3970	2.6783e-06
99	3980	3.6737e-06
100	3990	4.824e-06
101	4000	1.5441e-06
102	4010	3.2273e-06
103	4020	3.3833e-06
104	4030	2.8062e-06
105	4040	2.2092e-06
106	4050	2.1132e-06
107	4060	4.0328e-06
108	4070	3.6e-06
109	4080	4.5216e-06
110	4090	1.2589e-06
111	4100	2.964e-06
112	4110	4.3219e-06
113	4120	2.9206e-06
114	4130	2.506e-06
115	4140	3.5341e-06
116	4150	2.7943e-06
117	4160	2.1146e-06
118	4170	5.5145e-06
119	4180	5.4734e-06
120	4190	2.9255e-06
121	4200	5.6706e-06
122	4210	5.1162e-06
123	4220	4.0275e-06
124	4230	5.5118e-06
125	4240	5.6739e-06
126	4250	5.4762e-06
127	4260	1.98476e-05
128	4270	3.99321e-05
129	4280	5.24905e-05
130	4290	4.51631e-05
131	4300	2.52284e-05
132	4310	1.43733e-05
133	4320	6.1673e-06
134	4330	6.1344e-06
135	4340	4.1282e-06
136	4350	2.4677e-06
137	4360	4.8494e-06
138	4370	3.7863e-06
139	4380	1.35e-07
140	4390	3.0917e-06
141	4400	1.3065e-06
142	4410	5.4898e-06
143	4420	4.2377e-06
144	4430	3.6188e-06
145	4440	1.105e-06
146	4450	7.95e-07
147	4460	1.8386e-06
148	4470	-2.47e-07
149	4480	3.8018e-06
150	4490	4.192e-06
151	4500	4.16e-07
152	4510	3.2956e-06
153	4520	2.1336e-06
154	4530	4.4024e-06
155	4540	-2.55e-07
156	4550	2.0285e-06
157	4560	3.2179e-06
158	4570	3.0275e-06
159	4580	4.0596e-06
160	4590	1.8986e-06
161	4600	3.1069e-06
162	4610	1.37e-06
163	4620	2.4974e-06
164	4630	1.7538e-06
165	4640	1.2468e-06
166	4650	2.3582e-06
167	4660	3.97e-07
168	4670	2.0768e-06
169	4680	8.32e-07
170	4690	2.3058e-06
171	4700	1.6969e-06
172	4710	1.8143e-06
173	4720	-6.31e-07
174	4730	1.7707e-06
175	4740	2.4985e-06
176	4750	3.1091e-06
177	4760	3.9105e-06
178	4770	2.7908e-06
179	4780	2.4025e-06
180	4790	2.2126e-06
181	4800	3.1762e-06
182	4810	4.1963e-06
183	4820	3.9446e-06
184	4830	3.9851e-06
185	4840	6.26e-07
186	4850	3.2801e-06
187	4860	1.4124e-06
188	4870	2.3559e-06
189	4880	2.975e-06
190	4890	2.7897e-06
191	4900	4.5221e-06
192	4910	1.09963e-05
193	4920	1.54094e-05
194	4930	1.21086e-05
195	4940	7.7431e-06
196	4950	7.4757e-06
197	4960	5.078e-06
198	4970	3.0634e-06
199	4980	3.2787e-06
200	4990	5.6857e-06
201	5000	1.44106e-05
202	5010	2.13018e-05
203	5020	1.99478e-05
204	5030	1.00917e-05
205	5040	5.4495e-06
206	5050	3.8394e-06
207	5060	3.6387e-06
208	5070	1.6928e-06
209	5080	8.54e-07
210	5090	2.0149e-06
211	5100	2.4492e-06
212	5110	2.595e-06
213	5120	2.7821e-06
214	5130	8.82e-07
215	5140	3.9346e-06
216	5150	1.9114e-06
217	5160	2.3054e-06
218	5170	1.6609e-06
219	5180	1.3406e-06
220	5190	3.2641e-06
221	5200	1.225e-06
222	5210	1.2388e-06
223	5220	1.1214e-06
224	5230	1.3391e-06
225	5240	2.7535e-06
226	5250	3.8649e-06
227	5260	6.6208e-06
228	5270	8.6493e-06
229	5280	1.299e-05
230	5290	2.20021e-05
231	5300	2.44576e-05
232	5310	1.53325e-05
233	5320	6.7826e-06
234	5330	5.7832e-06
235	5340	4.8625e-06
236	5350	6.7539e-06
237	5360	7.8741e-06
238	5370	1.13569e-05
239	5380	1.00902e-05
240	5390	7.9829e-06
241	5400	6.5722e-06
242	5410	3.8571e-06
243	5420	2.874e-06
244	5430	3.0599e-06
245	5440	4.4008e-06
246	5450	3.8434e-06
247	5460	4.1323e-06
248	5470	1.3631e-06
249	5480	1.9548e-06
250	5490	3.4004e-06
251	5500	2.3853e-06
252	5510	7.0281e-06
253	5520	1.30232e-05
254	5530	1.88628e-05
255	5540	1.66935e-05
256	5550	1.00029e-05
257	5560	1.18263e-05
258	5570	2.38494e-05
259	5580	4.1471e-05
260	5590	4.10045e-05
261	5600	2.80682e-05
262	5610	1.96097e-05
263	5620	1.91153e-05
264	5630	2.22267e-05
265	5640	2.2322e-05
266	5650	1.70691e-05
267	5660	1.20756e-05
268	5670	4.5469e-06
269	5680	4.1558e-06
270	5690	1.5632e-06
271	5700	2.1098e-06
272	5710	3.772e-06
273	5720	4.0612e-06
274	5730	4.5889e-06
275	5740	5.0524e-06
276	5750	6.0254e-06
277	5760	5.6853e-06
278	5770	5.222e-06
279	5780	1.5955e-06
280	5790	2.9335e-06
281	5800	5.2399e-06
282	5810	4.7374e-06
283	5820	1.7086e-06
284	5830	1.5791e-06
285	5840	2.9815e-06
286	5850	3.4234e-06
287	5860	3.3939e-06
288	5870	3.5689e-06
289	5880	6.5897e-06
290	5890	5.1575e-06
291	5900	5.4802e-06
292	5910	6.2138e-06
293	5920	9.043e-06
294	5930	1.38953e-05
295	5940	2.6416e-05
296	5950	4.76528e-05
297	5960	5.46608e-05
298	5970	3.40058e-05
299	5980	1.47229e-05
300	5990	7.6549e-06
301	6000	5.5812e-06
302	6010	3.8404e-06
303	6020	5.2904e-06
304	6030	3.2921e-06
305	6040	3.119e-06
306	6050	1.6773e-06
307	6060	3.4777e-06
308	6070	2.4752e-06
309	6080	2.34e-06
310	6090	3.4012e-06
311	6100	1.0624e-06
312	6110	1.6e-07
313	6120	-6.61e-07
314	6130	4.94e-07
315	6140	-3.23e-07
316	6150	-1.1098e-06
317	6160	6.94e-07
318	6170	5.39e-07
319	6180	4.1545e-06
320	6190	7.073e-06
321	6200	1.13113e-05
322	6210	9.9289e-06
323	6220	6.1484e-06
324	6230	2.9884e-06
325	6240	1.4667e-06
326	6250	1.476e-06
327	6260	-1.29e-07
328	6270	3.0562e-06
329	6280	1.0627e-06
330	6290	1.294e-06
331	6300	1.0967e-06
332	6310	2.0849e-06
333	6320	2.7652e-06
334	6330	2.6386e-06
335	6340	4.6845e-06
336	6350	3.1123e-06
337	6360	3.219e-06
338	6370	1.6053e-06
339	6380	2.9667e-06
340	6390	4.3601e-06
341	6400	1.52971e-05
342	6410	4.05949e-05
343	6420	5.8807e-05
344	6430	5.6987e-05
345	6440	4.3306e-05
346	6450	3.8283e-05
347	6460	3.10695e-05
348	6470	2.07076e-05
349	6480	1.08677e-05
350	6490	8.9648e-06
351	6500	4.5381e-06
352	6510	5.5689e-06
353	6520	4.8268e-06
354	6530	3.1365e-06
355	6540	4.1602e-06
356	6550	6.6722e-06
357	6560	1.01683e-05
358	6570	1.21994e-05
359	6580	1.38625e-05
360	6590	1.17359e-05
361	6600	1.39166e-05
362	6610	1.64875e-05
363	6620	1.40099e-05
364	6630	8.0121e-06
365	6640	3.2385e-06
366	6650	1.9899e-06
367	6660	8.04e-07
368	6670	4.63e-07
369	6680	6.79e-07
370	6690	2.9895e-06
371	6700	3.653e-06
372	6710	1.0134e-05
373	6720	1.46726e-05
374	6730	1.46765e-05
375	6740	1.10723e-05
376	6750	8.3195e-06
377	6760	4.9118e-06
378	6770	2.8408e-06
379	6780	3.3233e-06
380	6790	1.5662e-06
381	6800	3.7287e-06
382	6810	2.5986e-06
383	6820	6.87e-07
384	6830	2.5884e-06
385	6840	1.4746e-06
386	6850	3.7121e-06
387	6860	6.6332e-06
388	6870	1.65256e-05
389	6880	3.30577e-05
390	6890	4.50913e-05
391	6900	3.32179e-05
392	6910	1.74234e-05
393	6920	4.8653e-06
394	6930	1.9361e-06
395	6940	1.9093e-06
396	6950	1.1425e-06
397	6960	9.76e-07
398	6970	1.3586e-06
399	6980	1.3053e-06
400	6990	1.6426e-06
401	7000	2.3807e-06
402	7010	5.03e-07
403	7020	3.6779e-06
404	7030	4.4485e-06
405	7040	9.828e-06
406	7050	1.31571e-05
407	7060	9.546e-06
408	7070	6.3135e-06
409	7080	2.6892e-06
410	7090	3.6979e-06
411	7100	2.249e-06
412	7110	2.23e-08
413	7120	8.41e-07
414	7130	6.43e-07
415	7140	1.9862e-06
416	7150	5.81e-08
417	7160	2.6189e-06
418	7170	1.05028e-05
419	7180	2.0915e-05
420	7190	3.59414e-05
421	7200	3.36046e-05
422	7210	1.96234e-05
423	7220	8.2327e-06
424	7230	2.1076e-06
425	7240	2.9505e-06
426	7250	2.0643e-06
427	7260	7.03e-07
428	7270	1.7963e-06
429	7280	6.24e-07
430	7290	3.09e-07
431	7300	3.7012e-06
432	7310	6.3897e-06
433	7320	1.32352e-05
434	7330	1.06084e-05
435	7340	1.5049e-06
436	7350	-9.86e-07
437	7360	2.83e-07
438	7370	-8.85e-08
439	7380	3.32e-07
440	7390	1.1738e-06
441	7400	4.6891e-06
442	7410	1.16775e-05
443	7420	1.58504e-05
444	7430	7.51e-06
445	7440	8.98e-07
446	7450	2.82e-07
447	7460	1.4695e-06
448	7470	-4.01e-07
449	7480	-6.44e-07
450	7490	1.924e-06
451	7500	-2.0668e-06
452	7510	-2.3574e-06
453	7520	-4.25e-07
454	7530	-3.2768e-06
455	7540	-1.6554e-06
456	7550	-1.9118e-06
457	7560	1.3137e-06
458	7570	-2.1068e-06
459	7580	-2.3309e-06
460	7590	4.31e-07
461	7600	7.45e-07
462	7610	-1.1753e-06
463	7620	1.7521e-06
464	7630	-6.16e-07
465	7640	5.52e-07
466	7650	5.58e-07
467	7660	2.68e-06
468	7670	-5.38e-07
469	7680	-6.09e-07
470	7690	-1.5426e-06
471	7700	1.6844e-06
472	7710	-2.47e-07
473	7720	-9.07e-07
474	7730	-1.7768e-06
475	7740	1.1601e-06
476	7750	-3.39e-07
477	7760	-5.91e-07
478	7770	-2.97e-07
479	7780	1.5269e-06
480	7790	9.48e-07
481	7800	5.28e-07
482	7810	-1.3023e-06
483	7820	1.1985e-06
484	7830	-1.2646e-06
485	7840	6.85e-08
486	7850	4.78e-07
487	7860	3.2259e-06
488	7870	5.18e-07
489	7880	1.8873e-06
490	7890	3.09e-07
491	7900	1.1885e-06
492	7910	-1.4036e-06
493	7920	-1.2694e-06
494	7930	-8.63e-07
495	7940	-1.4046e-06
496	7950	1.94e-07
497	7960	-1.1615e-06
498	7970	-1.6429e-06
499	7980	-1.2436e-06
500	7990	-5.53e-07
501	8000	-1.393e-06
502	8010	-1.523e-06
503	8020	-2.0521e-06
504	8030	-2.3007e-06
505	8040	1.1778e-06
506	8050	1.6916e-06
507	8060	-2.5528e-06
508	8070	4.08e-07
509	8080	-5.15e-07
510	8090	1.69e-07
511	8100	1.0964e-06
512	8110	-3.32e-07
513	8120	-1.2644e-06
514	8130	-4.54e-07
515	8140	5.52e-07
516	8150	3.06e-07
517	8160	-2.2435e-06
518	8170	-1.2824e-06
519	8180	-2.4034e-06
520	8190	-9.63e-07
521	8200	-2.8948e-06
522	8210	-2.1e-07
523	8220	2.62e-08
524	8230	-1.2177e-06
525	8240	-2.5918e-06
526	8250	3.3452e-06
527	8260	-1.5507e-06
528	8270	-9.14e-07
529	8280	2.2735e-06
530	8290	-1.7885e-06
531	8300	1.8985e-06
532	8310	-2.8985e-06
533	8320	-2.14e-07
534	8330	1.9041e-06
535	8340	3.23e-07
536	8350	7.55e-07
537	8360	-1.877e-06
538	8370	2.0381e-06
539	8380	-2.0762e-06
540	8390	1.4773e-06
541	8400	7.22e-07
542	8410	-2.318e-06
543	8420	1.3032e-06
544	8430	-8.56e-07
545	8440	5.24e-08
546	8450	1.9211e-06
547	8460	-1.2804e-06
548	8470	2.0921e-06
549	8480	1.9069e-06
550	8490	1.8074e-06
551	8500	-1.1652e-06
552	8510	9.12e-07
553	8520	5.66e-07
554	8530	1.53e-07
555	8540	1.6402e-06
556	8550	2.1708e-06
557	8560	1.6039e-06
558	8570	1.1414e-06
559	8580	-3.86e-07
560	8590	2.3487e-06
561	8600	3.97e-07
562	8610	1.2567e-06
563	8620	2.0507e-06
564	8630	3.5312e-06
565	8640	-1.9048e-06
566	8650	9.02e-07
567	8660	1.6229e-06
568	8670	2.651e-06
569	8680	7.94e-07
570	8690	-1.4919e-06
571	8700	2.7783e-06
572	8710	3.3319e-06
573	8720	1.9509e-06
574	8730	2.7946e-06
575	8740	1.0728e-06
576	8750	5.16e-07
577	8760	-1.02e-07
578	8770	6.3092e-06
579	8780	-1.4764e-06
580	8790	3.4542e-06
581	8800	3.8051e-06
582	8810	5.232e-06
583	8820	5.8815e-06
584	8830	1.6593e-06
585	8840	8.17e-07
586	8850	3.2002e-06
587	8860	3.9514e-06
588	8870	3.63e-07
589	8880	2.576e-06
590	8890	5.2742e-06
591	8900	-5.1161e-06
592	8910	6.6744e-06
593	8920	9.05e-07
594	8930	5.7727e-06
595	8940	1.1694e-06
596	8950	6.7062e-06
597	8960	1.2712e-06
598	8970	-4.1119e-06
599	8980	-4.0297e-06
600	8990	-1.53234e-05
601	9000	-3.699e-06
602	9010	-9.5442e-06
603	9020	-8.552e-06
604	9030	1.086e-06
605	9040	5.3221e-06
606	9050	-4.5711e-06
607	9060	4.2131e-06
608	9070	2.7262e-06
609	9080	3.1644e-06
610	9090	-1.7073e-06
611	9100	1.18497e-05
612	9110	5.1131e-06
613	9120	1.01094e-05
614	9130	2.36211e-05
615	9140	2.76824e-05
616	9150	3.6223e-05
617	9160	4.459e-05
618	9170	5.31794e-05
619	9180	5.59779e-05
620	9190	7.24333e-05
621	9200	8.17344e-05
622	9210	9.8887e-05
623	9220	0.0001263475
624	9230	0.0001646116
625	9240	0.0002038113
626	9250	0.0002660478
627	9260	0.0003580754
628	9270	0.0004872893
629	9280	0.0006831746
630	9290	0.0009534252
631	9300	0.0013626903
632	9310	0.0019739845
633	9320	0.0028808516
634	9330	0.0037372955
635	9340	0.0041384745
636	9350	0.0045867924
637	9360	0.0051387307
638	9370	0.0059169207
639	9380	0.0069025862
640	9390	0.0081195497
641	9400	0.0098129128
642	9410	0.012052009
643	9420	0.0150919965
644	9430	0.0192787345
645	9440	0.025152
646	9450	0.0336793138
647	9460	0.0462959103
648	9470	0.0652424
649	9480	0.0937398724
650	9490	0.1358922379
651	9500	0.1960723793
652	9510	0.2763805517
653	9520	0.3751754483
654	9530	0.4864249655
655	9540	0.5996146207
656	9550	0.7034892759
657	9560	0.789429931
658	9570	0.8531191034
659	9580	0.8951659655
660	9590	0.9202636897
661	9600	0.9340096552
662	9610	0.9413285517
663	9620	0.9457978966
664	9630	0.9493500345
665	9640	0.9526380345
666	9650	0.9558367586
667	9660	0.958832
668	9670	0.9614173103
669	9680	0.9633684483
670	9690	0.964723069
671	9700	0.9654804828
672	9710	0.965674931
673	9720	0.9654822414
674	9730	0.9650147241
675	9740	0.9644496552
676	9750	0.9639393103
677	9760	0.963597
678	9770	0.9635675862
679	9780	0.9638946207
680	9790	0.9646285862
681	9800	0.9657638621
682	9810	0.9671862759
683	9820	0.9689152414
684	9830	0.9708274483
685	9840	0.9727602759
686	9850	0.9745794483
687	9860	0.9762996552
688	9870	0.9777955172
689	9880	0.9789628276
690	9890	0.9797755517
691	9900	0.9803214138
692	9910	0.980586931
693	9920	0.9807273448
694	9930	0.9807998966
695	9940	0.9807830345
696	9950	0.9808345172
697	9960	0.9809978621
698	9970	0.9812417931
699	9980	0.9815242759
700	9990	0.9818474483
701	10000	0.9822368276
702	10010	0.9825462069
703	10020	0.9827333793
704	10030	0.9828426552
705	10040	0.9827574828
706	10050	0.9825201034
707	10060	0.9822336552
708	10070	0.981955
709	10080	0.9816223448
710	10090	0.9813055862
711	10100	0.9810885862
712	10110	0.9809932759
713	10120	0.9809924483
714	10130	0.9811043793
715	10140	0.9813465862
716	10150	0.9816077241
717	10160	0.9818263793
718	10170	0.982117
719	10180	0.9822435172
720	10190	0.9822938276
721	10200	0.9823044483
722	10210	0.9822206207
723	10220	0.9820493793
724	10230	0.9817543793
725	10240	0.9814644828
726	10250	0.9812403448
727	10260	0.9808875172
728	10270	0.9806085172
729	10280	0.9803214828
730	10290	0.9800083103
731	10300	0.9797345862
732	10310	0.9794147586
733	10320	0.9790215517
734	10330	0.9785859655
735	10340	0.9781161379
736	10350	0.9775207586
737	10360	0.9770081724
738	10370	0.9764138621
739	10380	0.9756802069
740	10390	0.9749048276
741	10400	0.9739300345
742	10410	0.972771931
743	10420	0.9713005862
744	10430	0.9693413793
745	10440	0.9668173448
746	10450	0.963691069
747	10460	0.9598506207
748	10470	0.9552543793
749	10480	0.9499911724
750	10490	0.9442902759
751	10500	0.9383692759
752	10510	0.9323836207
753	10520	0.9265
754	10530	0.9210451724
755	10540	0.9157886552
756	10550	0.9105288966
757	10560	0.9045922759
758	10570	0.8966606552
759	10580	0.8851294828
760	10590	0.8678724138
761	10600	0.842558069
762	10610	0.8069453793
763	10620	0.7591865517
764	10630	0.6982715172
765	10640	0.6252074828
766	10650	0.5429917414
767	10660	0.4562911759
768	10670	0.3707126552
769	10680	0.2915648759
770	10690	0.2228442448
771	10700	0.1667047069
772	10710	0.1230931966
773	10720	0.0905642483
774	10730	0.0672320965
775	10740	0.0510316172
776	10750	0.0400085138
777	10760	0.0323737241
778	10770	0.0269669138
779	10780	0.0231629172
780	10790	0.0206316862
781	10800	0.0118204701
782	10810	0.0078186524
783	10820	0.0052286077
784	10830	0.003540625
785	10840	0.0024263893
786	10850	0.0016756727
787	10860	0.0011709669
788	10870	0.0008368177
789	10880	0.0005956583
790	10890	0.0004362047
791	10900	0.0003182469
792	10910	0.0002313808
793	10920	0.0001797817
794	10930	0.0001293725
795	10940	0.0001119921
796	10950	8.33828e-05
797	10960	6.33391e-05
798	10970	5.37765e-05
799	10980	3.69164e-05
800	10990	3.18824e-05
801	11000	2.08123e-05
