1	3000	0.0013401776
2	3010	0.0010761069
3	3020	0.0008801897
4	3030	0.0015126038
5	3040	0.0211805728
6	3050	0.0855043
7	3060	0.1855345172
8	3070	0.2839175862
9	3080	0.3297253103
10	3090	0.364996069
11	3100	0.404425069
12	3110	0.4822088966
13	3120	0.5498317586
14	3130	0.592927
15	3140	0.6387615517
16	3150	0.6757535172
17	3160	0.6958726552
18	3170	0.7005563448
19	3180	0.7260301034
20	3190	0.7678950345
21	3200	0.7991230345
22	3210	0.8139916897
23	3220	0.8251021724
24	3230	0.8279112759
25	3240	0.8362266207
26	3250	0.8505311034
27	3260	0.8660012759
28	3270	0.8772194828
29	3280	0.8775521034
30	3290	0.882366069
31	3300	0.8969900345
32	3310	0.8991213103
33	3320	0.8826274138
34	3330	0.8794605862
35	3340	0.8650103103
36	3350	0.8709282069
37	3360	0.892298
38	3370	0.8939863793
39	3380	0.9001431724
40	3390	0.900687069
41	3400	0.9091314828
42	3410	0.9094965517
43	3420	0.897995069
44	3430	0.8965222414
45	3440	0.907939
46	3450	0.9225185172
47	3460	0.935242069
48	3470	0.9331998276
49	3480	0.9248095172
50	3490	0.9194042414
51	3500	0.918710069
52	3510	0.9182248621
53	3520	0.9159363448
54	3530	0.9111458966
55	3540	0.9132047241
56	3550	0.9251813103
57	3560	0.9430571379
58	3570	0.9468775862
59	3580	0.9376113448
60	3590	0.9280148276
61	3600	0.9203501724
62	3610	0.9171674828
63	3620	0.9235454138
64	3630	0.9367914483
65	3640	0.9433562759
66	3650	0.9413703448
67	3660	0.9490835172
68	3670	0.9551185862
69	3680	0.9565976897
70	3690	0.9553958621
71	3700	0.9511995862
72	3710	0.9474297931
73	3720	0.9450001034
74	3730	0.944797931
75	3740	0.9504814828
76	3750	0.9583081724
77	3760	0.9630082069
78	3770	0.9642297931
79	3780	0.9639663103
80	3790	0.9657931034
81	3800	0.9666980345
82	3810	0.9667121034
83	3820	0.9627355172
84	3830	0.955878931
85	3840	0.9506426897
86	3850	0.9488612414
87	3860	0.9513297931
88	3870	0.9571766207
89	3880	0.9631732759
90	3890	0.9684911724
91	3900	0.9699111034
92	3910	0.9706504828
93	3920	0.9681185172
94	3930	0.9663681724
95	3940	0.9651987241
96	3950	0.9611457241
97	3960	0.9597025517
98	3970	0.9471630345
99	3980	0.859575
100	3990	0.6397785172
101	4000	0.3592626552
102	4010	0.1510747172
103	4020	0.0533974448
104	4030	0.0204279034
105	4040	0.0089868959
106	4050	0.00414589
107	4060	0.0020807424
108	4070	0.0011010031
109	4080	0.0005771183
110	4090	0.0003360641
111	4100	0.0002115652
112	4110	0.0001387476
113	4120	8.13465e-05
114	4130	6.10193e-05
115	4140	3.83445e-05
116	4150	2.60776e-05
117	4160	1.82824e-05
118	4170	1.81734e-05
119	4180	1.3841e-05
120	4190	1.37934e-05
121	4200	8.7362e-06
122	4210	1.12765e-05
123	4220	9.9293e-06
124	4230	1.15555e-05
125	4240	9.4645e-06
126	4250	1.12172e-05
127	4260	1.10034e-05
128	4270	1.08617e-05
129	4280	1.16066e-05
130	4290	9.2562e-06
131	4300	1.30559e-05
132	4310	1.19897e-05
133	4320	9.2824e-06
134	4330	9.6093e-06
135	4340	7.749e-06
136	4350	1.057e-05
137	4360	7.88e-06
138	4370	8.1879e-06
139	4380	7.681e-06
140	4390	7.3403e-06
141	4400	8.6614e-06
142	4410	7.6835e-06
143	4420	7.3059e-06
144	4430	9.099e-06
145	4440	5.7672e-06
146	4450	6.9662e-06
147	4460	8.6655e-06
148	4470	6.7145e-06
149	4480	6.6769e-06
150	4490	7.5262e-06
151	4500	5.5007e-06
152	4510	6.6441e-06
153	4520	8.1669e-06
154	4530	6.0252e-06
155	4540	7.6869e-06
156	4550	6.1659e-06
157	4560	7.8397e-06
158	4570	5.8872e-06
159	4580	7.2383e-06
160	4590	6.0655e-06
161	4600	6.9486e-06
162	4610	6.8907e-06
163	4620	7.5586e-06
164	4630	6.0062e-06
165	4640	5.3786e-06
166	4650	5.6666e-06
167	4660	7.8535e-06
168	4670	6.2259e-06
169	4680	7.5466e-06
170	4690	5.2914e-06
171	4700	6.0141e-06
172	4710	4.6976e-06
173	4720	5.7666e-06
174	4730	4.4652e-06
175	4740	6.2021e-06
176	4750	4.9921e-06
177	4760	5.3562e-06
178	4770	3.9269e-06
179	4780	5.3962e-06
180	4790	5.36e-06
181	4800	4.7286e-06
182	4810	5.7614e-06
183	4820	3.9845e-06
184	4830	3.4621e-06
185	4840	4.46e-06
186	4850	4.0269e-06
187	4860	5.1145e-06
188	4870	3.9e-06
189	4880	4.6245e-06
190	4890	4.1924e-06
191	4900	4.4076e-06
192	4910	3.7745e-06
193	4920	4.3372e-06
194	4930	4.4997e-06
195	4940	4.1566e-06
196	4950	4.7559e-06
197	4960	3.9945e-06
198	4970	3.2859e-06
199	4980	4.1597e-06
200	4990	3.9976e-06
201	5000	4.0514e-06
202	5010	3.6876e-06
203	5020	3.9959e-06
204	5030	4.2903e-06
205	5040	3.9417e-06
206	5050	3.8341e-06
207	5060	2.9441e-06
208	5070	4.0334e-06
209	5080	5.0707e-06
210	5090	4.18e-06
211	5100	2.9634e-06
212	5110	5.2152e-06
213	5120	6.3634e-06
214	5130	8.1262e-06
215	5140	7.9648e-06
216	5150	6.7621e-06
217	5160	5.4552e-06
218	5170	4.0541e-06
219	5180	4.3283e-06
220	5190	4.4741e-06
221	5200	6.5465e-06
222	5210	6.4024e-06
223	5220	6.6562e-06
224	5230	6.3103e-06
225	5240	7.2938e-06
226	5250	7.819e-06
227	5260	8.6372e-06
228	5270	8.3459e-06
229	5280	7.8559e-06
230	5290	8.71e-06
231	5300	7.3469e-06
232	5310	6.1865e-06
233	5320	5.5097e-06
234	5330	5.1493e-06
235	5340	5.2759e-06
236	5350	4.7114e-06
237	5360	7.5286e-06
238	5370	6.9472e-06
239	5380	7.4948e-06
240	5390	8.5155e-06
241	5400	7.9135e-06
242	5410	6.3872e-06
243	5420	8.5859e-06
244	5430	8.4248e-06
245	5440	7.9135e-06
246	5450	8.0407e-06
247	5460	8.2072e-06
248	5470	8.9862e-06
249	5480	9.1869e-06
250	5490	7.9497e-06
251	5500	9.731e-06
252	5510	9.7321e-06
253	5520	8.9717e-06
254	5530	8.261e-06
255	5540	6.8766e-06
256	5550	7.0403e-06
257	5560	7.46e-06
258	5570	6.3117e-06
259	5580	7.1497e-06
260	5590	9.1862e-06
261	5600	8.7503e-06
262	5610	8.279e-06
263	5620	6.1841e-06
264	5630	7.7503e-06
265	5640	1.08079e-05
266	5650	1.17338e-05
267	5660	7.3131e-06
268	5670	3.3838e-06
269	5680	3.7659e-06
270	5690	3.0924e-06
271	5700	3.71e-06
272	5710	3.51e-06
273	5720	3.9659e-06
274	5730	3.7476e-06
275	5740	3.0907e-06
276	5750	5.9269e-06
277	5760	1.18938e-05
278	5770	1.11272e-05
279	5780	5.7828e-06
280	5790	2.0914e-06
281	5800	2.4003e-06
282	5810	3.0197e-06
283	5820	3.2907e-06
284	5830	3.199e-06
285	5840	2.4907e-06
286	5850	4.2724e-06
287	5860	2.8903e-06
288	5870	3.0724e-06
289	5880	2.8724e-06
290	5890	3.7083e-06
291	5900	5.579e-06
292	5910	8.2152e-06
293	5920	5.56e-06
294	5930	2.9272e-06
295	5940	2.9438e-06
296	5950	3.3624e-06
297	5960	3.0352e-06
298	5970	3.7793e-06
299	5980	4.1048e-06
300	5990	3.1076e-06
301	6000	3.0886e-06
302	6010	3.67e-06
303	6020	3.4335e-06
304	6030	3.2521e-06
305	6040	3.8517e-06
306	6050	4.6486e-06
307	6060	6.1938e-06
308	6070	5.2845e-06
309	6080	3.2145e-06
310	6090	3.9941e-06
311	6100	3.9031e-06
312	6110	3.8666e-06
313	6120	3.3966e-06
314	6130	4.6655e-06
315	6140	4.3028e-06
316	6150	3.2131e-06
317	6160	2.6321e-06
318	6170	3.0676e-06
319	6180	3.9197e-06
320	6190	4.4641e-06
321	6200	3.0835e-06
322	6210	3.3021e-06
323	6220	3.701e-06
324	6230	4.0641e-06
325	6240	2.9748e-06
326	6250	3.8445e-06
327	6260	4.5355e-06
328	6270	4.1883e-06
329	6280	4.1159e-06
330	6290	3.8076e-06
331	6300	3.9155e-06
332	6310	3.3545e-06
333	6320	4.8207e-06
334	6330	2.791e-06
335	6340	4.3662e-06
336	6350	3.461e-06
337	6360	3.171e-06
338	6370	3.2438e-06
339	6380	4.3855e-06
340	6390	4.2403e-06
341	6400	4.4007e-06
342	6410	4.1834e-06
343	6420	3.2238e-06
344	6430	3.4393e-06
345	6440	4.7269e-06
346	6450	5.159e-06
347	6460	4.5972e-06
348	6470	4.6879e-06
349	6480	3.999e-06
350	6490	3.891e-06
351	6500	3.5283e-06
352	6510	4.0334e-06
353	6520	4.1959e-06
354	6530	4.991e-06
355	6540	4.8641e-06
356	6550	4.3935e-06
357	6560	5.0079e-06
358	6570	4.5741e-06
359	6580	5.0614e-06
360	6590	4.9331e-06
361	6600	5.1517e-06
362	6610	6.0179e-06
363	6620	4.8438e-06
364	6630	4.5714e-06
365	6640	5.5997e-06
366	6650	4.3366e-06
367	6660	4.7314e-06
368	6670	4.5324e-06
369	6680	6.5362e-06
370	6690	4.5314e-06
371	6700	3.4845e-06
372	6710	6.4431e-06
373	6720	4.1497e-06
374	6730	4.1852e-06
375	6740	5.34e-06
376	6750	5.6076e-06
377	6760	5.1952e-06
378	6770	5.5917e-06
379	6780	4.7228e-06
380	6790	5.9128e-06
381	6800	4.3445e-06
382	6810	5.5503e-06
383	6820	6.8086e-06
384	6830	6.2324e-06
385	6840	5.2972e-06
386	6850	7.0255e-06
387	6860	6.0303e-06
388	6870	5.7245e-06
389	6880	7.3797e-06
390	6890	6.6772e-06
391	6900	6.8921e-06
392	6910	5.6131e-06
393	6920	6.1362e-06
394	6930	6.2797e-06
395	6940	8.8621e-06
396	6950	5.9514e-06
397	6960	1.12707e-05
398	6970	1.26165e-05
399	6980	7.0631e-06
400	6990	8.4814e-06
401	7000	6.4307e-06
402	7010	7.5634e-06
403	7020	7.7217e-06
404	7030	7.8976e-06
405	7040	8.0069e-06
406	7050	7.8079e-06
407	7060	7.4114e-06
408	7070	6.9797e-06
409	7080	7.6572e-06
410	7090	7.7276e-06
411	7100	9.4503e-06
412	7110	8.1755e-06
413	7120	8.8717e-06
414	7130	8.3679e-06
415	7140	1.05348e-05
416	7150	9.1883e-06
417	7160	1.04735e-05
418	7170	5.5855e-06
419	7180	1.23165e-05
420	7190	1.60541e-05
421	7200	1.78731e-05
422	7210	1.7891e-05
423	7220	1.7279e-05
424	7230	1.20359e-05
425	7240	1.22131e-05
426	7250	8.1162e-06
427	7260	1.167e-05
428	7270	8.1821e-06
429	7280	9.3238e-06
430	7290	1.23579e-05
431	7300	8.5031e-06
432	7310	1.12655e-05
433	7320	9.7793e-06
434	7330	9.6183e-06
435	7340	1.07241e-05
436	7350	1.04697e-05
437	7360	1.08593e-05
438	7370	1.37617e-05
439	7380	1.13359e-05
440	7390	1.21176e-05
441	7400	8.7145e-06
442	7410	1.28648e-05
443	7420	1.12431e-05
444	7430	1.11503e-05
445	7440	8.5503e-06
446	7450	1.29259e-05
447	7460	1.10014e-05
448	7470	1.0609e-05
449	7480	1.10297e-05
450	7490	1.05462e-05
451	7500	1.01907e-05
452	7510	1.04497e-05
453	7520	1.16907e-05
454	7530	1.06962e-05
455	7540	9.6069e-06
456	7550	1.037e-05
457	7560	1.25148e-05
458	7570	1.14314e-05
459	7580	1.00062e-05
460	7590	1.15962e-05
461	7600	1.32607e-05
462	7610	1.10045e-05
463	7620	1.17428e-05
464	7630	1.38134e-05
465	7640	1.14338e-05
466	7650	1.07414e-05
467	7660	1.22259e-05
468	7670	1.155e-05
469	7680	1.17741e-05
470	7690	1.13803e-05
471	7700	1.36928e-05
472	7710	1.4291e-05
473	7720	1.15597e-05
474	7730	1.30065e-05
475	7740	1.32835e-05
476	7750	1.26269e-05
477	7760	1.57562e-05
478	7770	1.89114e-05
479	7780	1.54862e-05
480	7790	1.55662e-05
481	7800	1.65724e-05
482	7810	1.32652e-05
483	7820	1.97017e-05
484	7830	1.57886e-05
485	7840	1.28331e-05
486	7850	1.56648e-05
487	7860	1.90924e-05
488	7870	1.96069e-05
489	7880	1.6691e-05
490	7890	1.44545e-05
491	7900	1.56441e-05
492	7910	2.06755e-05
493	7920	1.88752e-05
494	7930	2.00728e-05
495	7940	1.98003e-05
496	7950	2.73752e-05
497	7960	2.12003e-05
498	7970	2.04238e-05
499	7980	2.80986e-05
500	7990	2.13348e-05
501	8000	1.30917e-05
502	8010	1.22721e-05
503	8020	1.32997e-05
504	8030	1.32976e-05
505	8040	1.09655e-05
506	8050	1.1119e-05
507	8060	1.19621e-05
508	8070	1.31859e-05
509	8080	1.05272e-05
510	8090	1.21355e-05
511	8100	1.12434e-05
512	8110	1.04152e-05
513	8120	1.09566e-05
514	8130	1.45745e-05
515	8140	1.20841e-05
516	8150	1.15345e-05
517	8160	1.00724e-05
518	8170	1.27134e-05
519	8180	1.56879e-05
520	8190	1.10028e-05
521	8200	1.14648e-05
522	8210	1.28959e-05
523	8220	1.21134e-05
524	8230	1.35272e-05
525	8240	1.49628e-05
526	8250	1.43431e-05
527	8260	1.21914e-05
528	8270	1.22228e-05
529	8280	1.59017e-05
530	8290	1.921e-05
531	8300	1.63755e-05
532	8310	1.82883e-05
533	8320	2.12783e-05
534	8330	2.101e-05
535	8340	2.00366e-05
536	8350	1.93465e-05
537	8360	2.62979e-05
538	8370	2.5049e-05
539	8380	2.90038e-05
540	8390	2.33362e-05
541	8400	2.65803e-05
542	8410	3.16669e-05
543	8420	4.23003e-05
544	8430	3.70359e-05
545	8440	4.06852e-05
546	8450	4.56338e-05
547	8460	4.69514e-05
548	8470	5.13693e-05
549	8480	5.13269e-05
550	8490	6.63314e-05
551	8500	6.41797e-05
552	8510	0.0002341776
553	8520	0.0001628452
554	8530	0.0001909386
555	8540	0.0001761586
556	8550	0.0001831955
557	8560	0.0001711855
558	8570	0.0001748162
559	8580	0.0001299548
560	8590	0.0001449576
561	8600	0.0001810728
562	8610	0.0001929755
563	8620	0.0001554376
564	8630	0.0001689221
565	8640	0.0001734176
566	8650	0.0001603124
567	8660	0.0001432976
568	8670	0.0001356224
569	8680	0.0001141024
570	8690	0.0001912424
571	8700	0.0001775545
572	8710	0.0001740948
573	8720	0.0001114048
574	8730	0.000153199
575	8740	0.0001403835
576	8750	0.0001367897
577	8760	0.0001202269
578	8770	0.0001197479
579	8780	9.96872e-05
580	8790	0.0001206697
581	8800	0.0001038548
582	8810	0.0001378662
583	8820	0.0001118062
584	8830	0.0001251924
585	8840	0.0001120555
586	8850	8.86334e-05
587	8860	0.0001082938
588	8870	0.0001229145
589	8880	0.0001049121
590	8890	8.793e-05
591	8900	0.00010526
592	8910	0.0001199017
593	8920	0.0001031283
594	8930	0.0001314162
595	8940	0.0001088462
596	8950	9.41438e-05
597	8960	8.15341e-05
598	8970	0.0001034203
599	8980	7.34079e-05
600	8990	8.04579e-05
601	9000	9.43576e-05
602	9010	7.89183e-05
603	9020	8.83117e-05
604	9030	9.78465e-05
605	9040	7.845e-05
606	9050	9.74379e-05
607	9060	0.000106171
608	9070	8.71238e-05
609	9080	8.64124e-05
610	9090	7.80403e-05
611	9100	8.60821e-05
612	9110	6.693e-05
613	9120	8.12972e-05
614	9130	6.76897e-05
615	9140	6.66924e-05
616	9150	8.24462e-05
617	9160	7.34552e-05
618	9170	5.94765e-05
619	9180	7.52593e-05
620	9190	9.404e-05
621	9200	8.55345e-05
622	9210	6.62476e-05
623	9220	6.00817e-05
624	9230	8.14807e-05
625	9240	6.98186e-05
626	9250	6.21762e-05
627	9260	6.25259e-05
628	9270	6.38214e-05
629	9280	5.07931e-05
630	9290	7.05828e-05
631	9300	7.6471e-05
632	9310	6.48393e-05
633	9320	6.53697e-05
634	9330	5.95059e-05
635	9340	7.85986e-05
636	9350	6.12403e-05
637	9360	6.72831e-05
638	9370	6.07834e-05
639	9380	5.48293e-05
640	9390	4.70031e-05
641	9400	5.65917e-05
642	9410	5.44952e-05
643	9420	4.89645e-05
644	9430	6.1641e-05
645	9440	6.05914e-05
646	9450	4.19283e-05
647	9460	6.25369e-05
648	9470	5.90293e-05
649	9480	5.42169e-05
650	9490	5.33438e-05
651	9500	5.54683e-05
652	9510	5.30265e-05
653	9520	6.20969e-05
654	9530	4.76052e-05
655	9540	4.98545e-05
656	9550	6.04648e-05
657	9560	5.21248e-05
658	9570	5.32324e-05
659	9580	5.52276e-05
660	9590	4.89866e-05
661	9600	5.23097e-05
662	9610	4.85148e-05
663	9620	5.27072e-05
664	9630	5.43559e-05
665	9640	4.35114e-05
666	9650	5.18672e-05
667	9660	4.74266e-05
668	9670	4.82766e-05
669	9680	5.90059e-05
670	9690	3.59231e-05
671	9700	4.75521e-05
672	9710	5.13134e-05
673	9720	5.00103e-05
674	9730	5.0821e-05
675	9740	4.81762e-05
676	9750	4.24772e-05
677	9760	5.39703e-05
678	9770	3.25948e-05
679	9780	3.54786e-05
680	9790	5.37903e-05
681	9800	4.59276e-05
682	9810	5.93303e-05
683	9820	4.38366e-05
684	9830	4.98793e-05
685	9840	4.57276e-05
686	9850	4.08914e-05
687	9860	4.65379e-05
688	9870	4.46924e-05
689	9880	4.52259e-05
690	9890	4.77948e-05
691	9900	6.00424e-05
692	9910	4.95628e-05
693	9920	5.37169e-05
694	9930	5.42128e-05
695	9940	6.21021e-05
696	9950	3.071e-05
697	9960	5.05748e-05
698	9970	5.48721e-05
699	9980	4.28976e-05
700	9990	5.06531e-05
701	10000	4.99076e-05
702	10010	4.10145e-05
703	10020	5.87824e-05
704	10030	4.01521e-05
705	10040	3.96634e-05
706	10050	3.93866e-05
707	10060	4.16245e-05
708	10070	3.26145e-05
709	10080	3.65162e-05
710	10090	4.36621e-05
711	10100	4.96234e-05
712	10110	5.37841e-05
713	10120	4.14703e-05
714	10130	3.72414e-05
715	10140	5.80114e-05
716	10150	3.23672e-05
717	10160	6.99307e-05
718	10170	5.1289e-05
719	10180	3.98507e-05
720	10190	5.37445e-05
721	10200	5.74362e-05
722	10210	3.37776e-05
723	10220	5.80476e-05
724	10230	4.39959e-05
725	10240	5.60624e-05
726	10250	4.47524e-05
727	10260	3.88566e-05
728	10270	4.40141e-05
729	10280	5.05041e-05
730	10290	4.53276e-05
731	10300	5.09807e-05
732	10310	4.1421e-05
733	10320	5.82507e-05
734	10330	4.02183e-05
735	10340	4.20852e-05
736	10350	4.97334e-05
737	10360	4.22069e-05
738	10370	3.87935e-05
739	10380	2.96503e-05
740	10390	5.07162e-05
741	10400	4.17435e-05
742	10410	3.55828e-05
743	10420	4.61634e-05
744	10430	4.91028e-05
745	10440	3.74559e-05
746	10450	4.44779e-05
747	10460	3.55969e-05
748	10470	5.75641e-05
749	10480	4.05383e-05
750	10490	4.04783e-05
751	10500	4.28579e-05
752	10510	4.67003e-05
753	10520	4.93072e-05
754	10530	6.34159e-05
755	10540	3.34745e-05
756	10550	4.63107e-05
757	10560	4.5201e-05
758	10570	3.60862e-05
759	10580	4.75424e-05
760	10590	4.67697e-05
761	10600	5.1409e-05
762	10610	4.56355e-05
763	10620	4.117e-05
764	10630	3.46307e-05
765	10640	3.82317e-05
766	10650	5.88117e-05
767	10660	3.79993e-05
768	10670	6.94221e-05
769	10680	3.25952e-05
770	10690	4.88855e-05
771	10700	4.60197e-05
772	10710	4.80645e-05
773	10720	4.13983e-05
774	10730	4.82093e-05
775	10740	4.96514e-05
776	10750	4.68124e-05
777	10760	4.73062e-05
778	10770	5.1509e-05
779	10780	5.11445e-05
780	10790	4.31121e-05
781	10800	5.20559e-05
782	10810	3.68538e-05
783	10820	5.59e-05
784	10830	4.87517e-05
785	10840	5.34238e-05
786	10850	5.81459e-05
787	10860	3.84479e-05
788	10870	5.1761e-05
789	10880	6.43614e-05
790	10890	4.85679e-05
791	10900	5.81852e-05
792	10910	4.99214e-05
793	10920	6.60648e-05
794	10930	7.58583e-05
795	10940	8.49155e-05
796	10950	8.1559e-05
797	10960	0.0001044786
798	10970	0.0001061531
799	10980	9.94707e-05
800	10990	0.0001076214
801	11000	0.0001077938
